[ASCII 44100Hz, Channels: 1, Samples: 4109, Flags: 1]                         
13 
-143 
-98 
5 
428 
638 
-478 
-560 
1136 
1807 
1305 
-163 
-2225 
-2879 
-420 
2715 
1925 
-2138 
-3389 
-507 
1587 
1154 
-1315 
-2266 
1587 
3539 
458 
-1095 
-3389 
-5127 
2475 
7833 
1501 
-3852 
-1933 
460 
180 
-588 
-1854 
-1802 
2133 
4633 
1223 
-2639 
-2750 
-1048 
1342 
2470 
844 
-867 
-3807 
-7658 
-894 
11619 
9081 
-2740 
-6249 
-3389 
-566 
950 
466 
-60 
399 
896 
-579 
-4791 
-2561 
6430 
5581 
-1839 
-2594 
-5497 
-7343 
5158 
11672 
824 
-5099 
-5105 
-7699 
-553 
10429 
6341 
-3896 
-5253 
-1606 
248 
539 
501 
-13 
-401 
-242 
-949 
-1299 
1648 
3584 
392 
-2127 
-986 
-417 
-109 
1561 
157 
-4226 
-2390 
4832 
4565 
-1854 
-2940 
-909 
-548 
1026 
1625 
-377 
-306 
252 
-1147 
-844 
62 
-647 
-56 
1266 
1398 
1087 
-1380 
-4458 
-1541 
5114 
5355 
-903 
-3685 
-1201 
-327 
-1214 
187 
2138 
1882 
-353 
-2522 
-1687 
1109 
2166 
724 
-1510 
-1266 
803 
-563 
-2189 
1038 
2831 
800 
-348 
-1550 
-1622 
351 
-1072 
-1893 
2682 
3930 
480 
-124 
572 
-588 
-2490 
-3919 
-2283 
1971 
4939 
3809 
-3021 
-8602 
-2764 
7789 
8675 
-851 
-9967 
-7478 
4182 
9298 
3566 
-4054 
-9314 
-6873 
5579 
11030 
730 
-6763 
-3408 
-213 
686 
-994 
-4892 
619 
9938 
5175 
-3671 
-5299 
-7732 
-4213 
8964 
10747 
-937 
-6988 
-5188 
-1571 
3057 
4841 
1306 
-2641 
-3771 
-6749 
-7991 
5390 
19770 
10550 
-6197 
-8296 
-6634 
-4703 
3869 
7348 
1809 
-2620 
-5951 
-6672 
2042 
10907 
5943 
-4582 
-5260 
-887 
14 
-45 
-3712 
-6830 
3576 
12747 
3569 
-6674 
-7940 
-6489 
2194 
10761 
4999 
-3962 
-3962 
-3505 
-8155 
-5183 
10965 
16410 
1115 
-10752 
-14010 
-11518 
8342 
20643 
3352 
-9944 
-10304 
-14580 
-3958 
16777 
14044 
-3404 
-14744 
-15665 
-925 
14960 
11698 
-1952 
-9222 
-6192 
51 
1605 
-1148 
-7572 
-7788 
8564 
16475 
869 
-8169 
-5426 
-8988 
-4425 
11038 
11260 
-1159 
-4991 
-1751 
-2169 
-4265 
-1617 
3348 
5718 
2052 
-7902 
-7710 
7937 
11061 
-1792 
-7198 
-11993 
-15224 
4246 
21081 
7549 
-8729 
-11373 
-11726 
-2733 
13800 
13093 
-4486 
-12634 
-3677 
5738 
4472 
-2475 
-7207 
-4030 
7058 
12728 
3781 
-5752 
-4016 
-2751 
-6528 
-1551 
7675 
5317 
-2085 
-5979 
-6755 
1303 
10084 
6232 
-2117 
-12538 
-20368 
-4357 
16021 
7460 
-7240 
-10582 
-15478 
-7744 
13349 
13979 
-2835 
-9208 
-4742 
104 
1730 
621 
-1516 
-4110 
-1410 
6564 
6674 
-1617 
-5104 
-1683 
-315 
-4448 
-3240 
7921 
12095 
2986 
-8128 
-16250 
-11744 
6685 
13534 
2432 
-6744 
-8038 
-2994 
4225 
4631 
616 
-6792 
-12784 
1537 
20229 
11829 
-4591 
-9311 
-13510 
-7501 
11471 
12311 
-5428 
-9385 
2992 
8057 
-823 
-8975 
-7328 
158 
8818 
9535 
-1197 
-6725 
-3131 
-4451 
-3775 
7167 
11500 
3293 
-4553 
-8834 
-9074 
-452 
10237 
9774 
-777 
-7290 
-3501 
2959 
5284 
1575 
-7164 
-11022 
-2039 
9306 
9167 
45 
-7342 
-7773 
-2479 
3307 
4796 
3029 
-280 
-3666 
-2506 
2767 
5081 
2027 
-1710 
-2259 
-341 
-1922 
-5107 
1005 
9399 
5986 
-2477 
-7978 
-10848 
-2911 
12775 
14429 
803 
-7645 
-5363 
-1628 
-956 
-1040 
-755 
-1561 
1809 
9901 
8137 
-6011 
-12209 
-2827 
5835 
4348 
-799 
-1745 
527 
2293 
3086 
-1911 
-10289 
-5839 
8242 
11218 
2606 
-5791 
-7544 
-2638 
88 
-379 
3733 
6379 
1090 
-5060 
-7340 
-3454 
6414 
9955 
3964 
-5401 
-13078 
-3337 
12189 
7571 
-4975 
-10446 
-13456 
-7192 
8993 
10402 
-1267 
-5111 
-4728 
-8380 
-7286 
5254 
12368 
4123 
-2048 
-4621 
-9891 
-3946 
6591 
7384 
2212 
-3880 
-9136 
-5037 
6308 
7218 
550 
-10226 
-12692 
2425 
12086 
5250 
-4881 
-8134 
-7618 
1881 
11191 
2954 
-10667 
-9937 
5711 
13408 
5123 
-4973 
-8617 
-5459 
615 
7025 
5265 
-3849 
-3398 
4171 
6524 
1536 
-4213 
-8427 
-7413 
3808 
9977 
6514 
1253 
-1343 
-2807 
-5800 
-6409 
-2058 
7873 
10311 
367 
-6541 
-3157 
1182 
3088 
1767 
-6398 
-13532 
-7420 
9292 
11076 
-280 
-8298 
-14066 
-8040 
5975 
8504 
2589 
-1604 
-3701 
-4013 
-6977 
-3577 
8862 
11961 
1983 
-6221 
-9028 
-9751 
3212 
12111 
4371 
-2260 
-11195 
-12680 
5232 
14479 
1075 
-7217 
-8016 
-11692 
1323 
14848 
5010 
-6799 
-7270 
325 
3670 
1613 
-1076 
-7145 
-4504 
5940 
11190 
4406 
-2980 
-6595 
-5569 
2430 
1385 
1819 
5079 
5291 
1335 
-5966 
-7520 
-6651 
3569 
9780 
5334 
-4080 
-14427 
-5790 
8418 
8637 
2400 
-3244 
-5665 
-6604 
-5188 
6822 
13481 
2904 
-5435 
-7005 
-8336 
1634 
10967 
3026 
871 
-729 
-3491 
-2076 
-11682 
-7218 
9126 
9980 
901 
-5673 
-3691 
-8157 
-10275 
6530 
12878 
2520 
-5445 
-8402 
-7834 
2192 
13698 
8207 
-4634 
-14998 
-7410 
8201 
6738 
2495 
-441 
-3533 
-8756 
-3927 
9442 
7017 
-487 
-4921 
-3434 
-2838 
-8744 
-678 
11959 
8329 
-2612 
-6056 
-3148 
-665 
-1241 
-4151 
945 
5986 
5922 
5372 
-631 
-3282 
-2293 
-290 
-2289 
-3252 
2989 
6566 
4085 
-2261 
-1424 
-4766 
-5245 
5555 
7548 
-573 
-10534 
-6123 
8831 
12716 
75 
-6873 
-8718 
-9158 
3697 
10180 
5752 
-3056 
-5576 
-6743 
-6629 
6344 
9830 
3286 
-2686 
-5342 
-2080 
-1353 
-6763 
-1720 
12516 
10941 
-3711 
-14870 
-6299 
8388 
7092 
1767 
-5280 
-11615 
-3411 
8328 
7488 
1074 
-3519 
-4316 
-2880 
-5031 
-614 
9523 
8201 
1409 
-3781 
-4369 
-4655 
-6360 
5773 
12636 
2821 
-5164 
-5148 
-5838 
-5375 
8513 
12545 
116 
-9872 
-6445 
5845 
6712 
-994 
-4384 
-3951 
-9208 
-1531 
11873 
6319 
-1745 
-7114 
-2323 
-133 
-7933 
-1307 
12309 
8775 
-3620 
-5786 
-7346 
-4046 
6854 
8964 
555 
-4899 
-1083 
3643 
3618 
-504 
-2475 
-2584 
-2228 
-3294 
787 
6703 
4307 
-294 
-2744 
-1348 
-4483 
-1821 
7361 
6998 
1555 
-3104 
-4279 
-993 
3190 
2770 
-1892 
-11064 
-5196 
10781 
10156 
-899 
-6829 
-6074 
-6267 
3219 
8083 
4587 
1199 
-3891 
-3889 
-8226 
-1323 
8938 
6063 
2053 
-2484 
-3919 
-3825 
-2426 
4346 
7060 
2310 
-5674 
-11654 
-267 
9776 
6025 
-1108 
-6058 
-2053 
-4392 
-584 
9212 
3633 
-3312 
-2755 
-1887 
-3766 
-1 
6297 
5414 
-115 
-3550 
-3230 
-8 
3750 
3145 
130 
-1088 
-1347 
191 
1943 
1086 
1357 
597 
-3915 
-9141 
-2149 
9811 
7654 
-105 
-5372 
-6762 
-6531 
1455 
10276 
5629 
-2141 
-6088 
-4094 
650 
4171 
4509 
625 
-1994 
-2910 
-3981 
1289 
6065 
2593 
2384 
2343 
-2004 
-4021 
-5510 
-3444 
7303 
8275 
351 
-3113 
-9450 
-6715 
6416 
9604 
1158 
-2678 
-5750 
-9741 
261 
8489 
4351 
-1062 
-3508 
-5552 
-1157 
7521 
4439 
-3355 
-5593 
-1914 
4942 
5342 
2478 
-631 
-3464 
-2626 
-3461 
674 
5872 
2357 
-2668 
-4809 
-2468 
4059 
7057 
1753 
-2838 
-8110 
-5517 
6763 
8150 
211 
-3700 
-4383 
-6216 
1153 
6882 
5319 
889 
-4241 
-3727 
-6503 
-2187 
7176 
6472 
-148 
-4554 
-5257 
-3474 
3797 
8192 
3047 
-2531 
-6830 
-7348 
3313 
7404 
1928 
-2324 
-3514 
-1001 
1157 
824 
-3004 
-1858 
5038 
6431 
-1002 
-2673 
-6227 
-8870 
5266 
10205 
2293 
-4493 
-6025 
-4986 
847 
8871 
5265 
-4410 
-7368 
122 
5755 
2311 
587 
2893 
-602 
-3276 
-6298 
-4325 
5564 
7240 
2782 
-2739 
-4243 
-7033 
-480 
8524 
5111 
-126 
-4518 
-2905 
-1983 
1558 
2300 
-131 
1285 
1559 
2782 
299 
-2145 
-4177 
-4380 
1833 
6376 
3288 
357 
-1781 
-1020 
-2514 
-8431 
640 
8313 
4620 
-1134 
-7576 
-6197 
3720 
6598 
1340 
-1199 
-7325 
-4886 
5214 
6339 
1406 
-3857 
-2533 
138 
301 
671 
-1400 
-3280 
2826 
6361 
-175 
-2684 
-5088 
-3572 
7236 
7444 
304 
-4016 
-4727 
-1295 
3022 
4684 
-641 
-5462 
-909 
6934 
4395 
-2274 
-4314 
-3071 
336 
522 
1880 
3141 
1747 
1472 
-219 
-2436 
-2089 
-4279 
-2613 
6419 
6683 
-1785 
-5621 
211 
4768 
2763 
-3748 
-6150 
860 
5042 
3993 
30 
-2693 
-2884 
-1432 
1278 
2504 
396 
-767 
963 
700 
-2282 
-8026 
-1696 
8195 
3543 
-904 
-1436 
-1267 
-725 
-1109 
1290 
-102 
-2201 
2217 
3565 
1912 
-1356 
-3297 
-3570 
-2313 
4225 
5134 
-1269 
-1785 
3512 
1559 
-2006 
-5278 
-4757 
4017 
7482 
3121 
-3360 
-3077 
-4394 
-4208 
5251 
6453 
-354 
-4032 
-577 
3663 
1536 
-1217 
-2264 
-1030 
1936 
689 
-2156 
-5992 
-1209 
9066 
4883 
-6490 
-7677 
2067 
4688 
1450 
1025 
-991 
-5932 
-3387 
4785 
3926 
709 
-2913 
-3243 
331 
3433 
3389 
-694 
-2878 
-1957 
-146 
-425 
3374 
3944 
-267 
-2384 
-5626 
-4229 
3838 
6455 
1644 
-2173 
-3302 
-386 
229 
1408 
-2941 
-7193 
2768 
6788 
2688 
-1305 
-2430 
-4605 
-4448 
3692 
5561 
2144 
-11 
-2002 
-1779 
-1282 
-3024 
-1636 
4244 
5418 
68 
-2548 
-2642 
-1077 
1785 
3350 
1108 
-5036 
-3153 
3309 
5115 
1236 
-2592 
-4982 
-5334 
3535 
6249 
916 
-1541 
-1354 
2036 
1382 
-1143 
-3003 
-5154 
1094 
6546 
3358 
-925 
-3206 
-3359 
-1268 
2910 
3719 
2337 
-7 
-2154 
-4759 
-4208 
3765 
5563 
1684 
-2096 
-2109 
-1427 
-3009 
1241 
4548 
1349 
-1464 
-775 
-90 
270 
-294 
-1449 
-2216 
509 
3819 
2829 
-624 
-5214 
-1900 
3369 
2575 
-83 
-1841 
-575 
604 
195 
-162 
-1460 
-1043 
2663 
3070 
162 
-5590 
-4085 
3568 
3763 
1781 
-280 
-2774 
-4399 
-142 
4812 
2386 
-2386 
-1865 
1196 
1242 
1710 
-499 
-2503 
-4452 
-131 
6392 
1738 
-1972 
-3836 
-2918 
2833 
4855 
1329 
-2307 
-2984 
-1101 
1812 
2632 
1577 
-1720 
-1863 
-555 
-1558 
1053 
3875 
1888 
90 
-2518 
-5488 
-26 
3858 
1436 
706 
346 
-1631 
-5276 
-2189 
5376 
4885 
-518 
-3463 
-1129 
795 
-620 
-969 
-553 
1558 
2746 
1568 
-3637 
-6680 
1209 
6375 
2782 
-2383 
-2998 
-452 
430 
507 
-434 
-454 
103 
299 
-367 
-1137 
-762 
1509 
2937 
1402 
-562 
-4428 
-2985 
3508 
3619 
547 
-553 
-3455 
-3172 
2346 
4031 
1737 
-2206 
-2904 
-1066 
258 
585 
693 
1583 
1017 
1539 
-932 
-2112 
-3499 
-3544 
3383 
4707 
1797 
-1667 
-2229 
-3850 
-2961 
4539 
4026 
800 
-368 
-1617 
-1449 
-1404 
-3125 
-241 
6222 
3582 
-2011 
-2879 
-4107 
-2786 
3945 
5004 
545 
-2123 
-3449 
-3120 
1034 
5453 
2654 
-1303 
-3342 
-4261 
47 
4607 
3073 
-258 
-1305 
-1711 
-1386 
-1356 
-574 
2781 
3355 
-47 
-1646 
-4684 
-3873 
3596 
4622 
1400 
-1122 
-2325 
-1578 
-309 
1013 
1367 
530 
-2540 
-3000 
2102 
3626 
576 
-491 
-447 
-693 
-2485 
-1260 
2710 
2556 
-192 
-1856 
-913 
-57 
86 
-644 
-1045 
673 
2013 
1029 
35 
-255 
-1320 
145 
-1375 
-5454 
-529 
6745 
4090 
-1458 
-3104 
-4060 
-1712 
2840 
4161 
220 
-3569 
-786 
2244 
1601 
477 
-1845 
-4262 
-856 
4154 
2147 
165 
-380 
-1889 
-2697 
-2948 
2600 
4409 
1615 
-47 
-2258 
-2539 
-3254 
324 
4297 
3470 
-620 
-2664 
-1104 
-271 
1122 
-627 
-1161 
46 
1458 
1738 
-461 
-2256 
-3364 
885 
4731 
2723 
-2921 
-4571 
1230 
4543 
1193 
-1578 
-3386 
-4612 
1494 
4644 
1285 
-533 
-404 
-353 
-2062 
-1589 
737 
2257 
1537 
-285 
-923 
-3571 
-3141 
2935 
4199 
1404 
-1756 
-4455 
-1692 
3718 
3242 
-746 
-2226 
-4403 
-1114 
4212 
3213 
447 
-2195 
-1435 
-2274 
-2862 
2166 
4967 
1800 
-1742 
-2711 
-1472 
1664 
1392 
409 
-2714 
-4970 
1378 
5160 
2352 
-536 
-1808 
-4100 
-1687 
3344 
2166 
598 
-1076 
-1386 
-1514 
-2122 
1986 
3944 
1462 
-1754 
-2030 
-441 
-85 
92 
-989 
-988 
-435 
339 
2912 
2475 
-234 
-1040 
-712 
-1793 
-2659 
302 
3100 
2586 
-321 
-2036 
-1079 
487 
125 
-4347 
-1410 
4922 
2836 
253 
-1588 
-2050 
-489 
-765 
-351 
1666 
1124 
-1816 
-3142 
1423 
4617 
708 
-1634 
-2173 
-957 
1127 
2151 
552 
-1541 
-2171 
-3794 
1067 
4933 
1868 
-1186 
-2083 
-2705 
-1857 
3204 
3650 
772 
-2789 
-4176 
1422 
2669 
348 
175 
-641 
-1423 
-3129 
146 
3823 
1754 
57 
-2049 
-836 
-1587 
-3334 
1101 
4605 
2656 
-1134 
-2097 
-4114 
-919 
3538 
2244 
1011 
-1175 
-2214 
-1382 
1027 
1633 
-5 
-860 
-530 
-208 
-232 
-323 
-196 
921 
556 
643 
-2675 
-3232 
3345 
4486 
434 
-2437 
-2258 
-1945 
73 
2156 
1546 
556 
-1070 
-459 
224 
-181 
525 
-1260 
-2674 
986 
2507 
1162 
256 
-1556 
-1371 
163 
-134 
-926 
324 
1023 
888 
-1385 
-4074 
-24 
4033 
1983 
-482 
-1893 
-3604 
224 
3668 
1346 
-747 
-2039 
-964 
-65 
-281 
-263 
1367 
1349 
-403 
-1150 
-3139 
-68 
2960 
2446 
-185 
-2133 
-1990 
-2842 
1730 
3746 
771 
-750 
-1986 
-2456 
622 
3044 
658 
-1280 
-1801 
401 
1058 
247 
-2902 
-2641 
4280 
3583 
-584 
-4559 
-2663 
2884 
2749 
581 
-1386 
-1936 
-2494 
920 
3170 
1616 
-1329 
-4061 
-298 
2389 
1572 
-120 
-1932 
-450 
1445 
742 
-154 
-1189 
-1064 
91 
-2295 
-860 
3489 
2752 
301 
-1841 
-2384 
-2515 
-144 
3794 
1925 
-375 
-1558 
-3813 
-357 
3461 
1940 
-377 
-1990 
-795 
-1028 
-2190 
1301 
3547 
1118 
-1324 
-945 
-2777 
-1396 
3521 
2220 
-281 
-1685 
-2557 
-1980 
1805 
3345 
968 
-1174 
-3781 
-845 
2568 
2163 
-204 
-1548 
-1308 
-1977 
654 
2838 
1640 
-1250 
-1526 
-480 
-115 
198 
-2431 
-1049 
3719 
2941 
-1055 
-1978 
-1933 
-1364 
1507 
2753 
11 
-2662 
20 
1863 
379 
-711 
-2351 
-646 
2122 
892 
-350 
-550 
-23 
-315 
-226 
-275 
-2971 
-144 
3600 
1806 
-318 
-1177 
-1598 
-2195 
-48 
2872 
1884 
-1469 
-1607 
293 
787 
354 
-280 
-695 
-2586 
-575 
2960 
1988 
-280 
-1615 
-610 
-1840 
-1069 
3191 
1933 
-478 
-2653 
-3102 
1351 
3233 
1201 
-560 
-1883 
-2605 
-13 
2246 
1299 
-15 
-911 
-1559 
-2340 
830 
3276 
871 
-819 
-1445 
-286 
-310 
-2377 
-316 
3677 
2259 
-1133 
-2300 
-2200 
554 
2052 
1208 
-713 
-3341 
-764 
3118 
1405 
-282 
-726 
-825 
-825 
-1620 
647 
2074 
1114 
-751 
-1186 
-944 
-2292 
1100 
3253 
683 
-923 
-907 
-607 
-390 
-1410 
-1478 
2450 
2386 
-52 
-774 
-825 
-708 
-1172 
-174 
1034 
1509 
-239 
-1019 
-629 
122 
248 
196 
-79 
-3623 
-91 
4615 
1869 
-1416 
-2031 
-1442 
-901 
1461 
1551 
224 
-703 
-174 
639 
-316 
-314 
-1203 
-814 
-36 
210 
1137 
842 
329 
-87 
-461 
-2026 
-1777 
1986 
2754 
290 
-1254 
-2261 
-1923 
1189 
2602 
836 
-84 
-2229 
-2279 
2109 
2314 
-211 
-1359 
-2476 
-863 
2128 
1938 
401 
-1274 
-897 
-27 
-193 
-137 
-2157 
621 
3189 
637 
-880 
-1772 
-1403 
-535 
1677 
1410 
-44 
-662 
-891 
843 
275 
-444 
-1661 
-1073 
1867 
1755 
277 
-862 
-1110 
-259 
-1020 
-1687 
1362 
2071 
773 
-247 
-618 
-1051 
-2014 
1027 
1990 
783 
-470 
-1697 
-235 
122 
-294 
89 
-30 
-59 
222 
140 
173 
-746 
-77 
650 
412 
-974 
-3165 
922 
3360 
1351 
-512 
-1287 
-1967 
-2298 
1629 
2652 
646 
-1512 
-1974 
219 
1295 
333 
-1219 
-113 
1230 
765 
-790 
-787 
-1784 
-1053 
2575 
1456 
-421 
-2246 
-651 
2193 
772 
-109 
-1293 
-1073 
-5 
492 
-389 
-2044 
779 
2891 
985 
-795 
-1364 
-1684 
-555 
1801 
1592 
337 
-1247 
-1378 
81 
-177 
14 
-400 
-623 
774 
1420 
248 
-492 
-622 
-1024 
479 
1075 
-180 
-2010 
-376 
2328 
1139 
-166 
-1412 
-1764 
-459 
1568 
823 
-214 
128 
-300 
-36 
-1993 
-798 
2160 
1304 
282 
-546 
-1560 
-1864 
643 
2211 
662 
-633 
-1689 
-1545 
926 
2105 
696 
-675 
-1051 
-220 
209 
-198 
-309 
-113 
160 
255 
-19 
-22 
283 
-365 
-639 
-218 
37 
545 
448 
245 
-605 
-1769 
439 
2408 
609 
-806 
-1399 
-1459 
789 
1798 
769 
-183 
-1633 
-1579 
177 
1481 
647 
183 
-589 
-1909 
385 
1406 
671 
-264 
-731 
-1171 
-1066 
1533 
1080 
-85 
-20 
-236 
-1137 
-944 
1095 
1317 
235 
-1037 
-936 
2 
1204 
273 
-629 
-751 
-1716 
480 
2109 
1182 
-689 
-1181 
-1416 
-319 
1867 
645 
-328 
-672 
-205 
63 
262 
373 
-355 
-1019 
-900 
1097 
1012 
679 
-483 
-696 
-737 
-1864 
1424 
1695 
126 
-7 
-521 
-641 
-654 
-26 
259 
372 
-1152 
-250 
1824 
932 
-400 
-869 
-536 
-1196 
-27 
1629 
554 
-686 
-118 
157 
-328 
28 
-257 
0 
-527 
-1730 
521 
2930 
892 
-787 
-1143 
-1791 
347 
1142 
602 
204 
-562 
-535 
-1455 
-29 
2017 
1030 
-195 
-1220 
-652 
192 
142 
17 
-1542 
-692 
1815 
1605 
-34 
-564 
-407 
-630 
-603 
-708 
462 
934 
402 
364 
-91 
-567 
-597 
90 
333 
-65 
-1637 
-280 
2133 
1204 
-206 
-1181 
-821 
-1192 
-274 
1861 
1533 
-48 
-1099 
-1162 
-921 
529 
1260 
349 
-493 
-54 
387 
3 
-572 
-1331 
164 
1542 
540 
-330 
-525 
-390 
-258 
-329 
-371 
149 
842 
536 
220 
-156 
-250 
-152 
-624 
91 
145 
-86 
30 
-3 
529 
213 
-491 
-1137 
-221 
1313 
859 
-228 
-538 
-407 
-58 
-529 
-608 
926 
1060 
-51 
-633 
-219 
-108 
20 
99 
115 
-487 
-1713 
995 
2370 
388 
-923 
-1583 
-657 
768 
1135 
315 
-389 
-816 
-187 
362 
60 
-797 
-865 
1221 
986 
-143 
154 
1 
-405 
-1328 
-839 
1198 
1157 
-38 
-269 
68 
272 
-111 
-900 
-1070 
530 
1244 
456 
-322 
-674 
-843 
-428 
1357 
1188 
-70 
-599 
-1382 
-979 
964 
1424 
306 
-151 
-949 
-913 
412 
1052 
288 
-283 
-677 
-1066 
389 
1058 
303 
-6 
-4 
-274 
-230 
-247 
-1152 
-105 
1409 
786 
-334 
-496 
326 
262 
-203 
-942 
-833 
895 
1100 
250 
-423 
-638 
-950 
-210 
1285 
764 
27 
-348 
-858 
-749 
801 
1230 
-64 
-681 
-634 
-54 
-258 
-323 
397 
1041 
300 
-590 
-254 
8 
272 
-42 
146 
113 
-163 
-159 
-1083 
-468 
1222 
751 
-30 
84 
-198 
-239 
-1036 
-628 
1112 
1189 
344 
-1218 
-1165 
606 
932 
289 
-111 
-879 
-801 
657 
855 
116 
-413 
-640 
-89 
408 
398 
30 
-35 
92 
-54 
-71 
-912 
-658 
1240 
1073 
-245 
-1070 
-1091 
595 
1381 
327 
-104 
-853 
-1066 
400 
846 
381 
84 
-174 
-885 
-534 
1046 
769 
-415 
-1262 
-638 
1420 
1125 
-245 
-993 
-1045 
444 
993 
201 
-171 
124 
133 
-408 
-1038 
-338 
1137 
542 
-69 
-192 
-430 
-78 
153 
376 
246 
-87 
-838 
-574 
781 
895 
206 
-475 
-589 
-115 
-12 
-420 
-36 
823 
576 
51 
-62 
-644 
-997 
191 
1040 
460 
82 
-354 
-911 
-405 
794 
838 
97 
-364 
-471 
-221 
-964 
120 
1596 
545 
-297 
-1098 
-162 
645 
77 
125 
109 
33 
-897 
-466 
784 
614 
231 
-59 
-733 
-975 
287 
1078 
572 
-132 
-385 
-231 
-135 
-662 
-503 
1180 
1037 
-247 
-853 
-986 
493 
1037 
253 
21 
-510 
-671 
82 
668 
326 
2 
-389 
-721 
-123 
617 
602 
-211 
-335 
-29 
341 
163 
-89 
-491 
-989 
642 
942 
186 
97 
-189 
-546 
-932 
398 
883 
245 
302 
-153 
-304 
-329 
-1106 
-125 
1458 
765 
107 
-465 
-601 
-243 
-625 
185 
999 
657 
-252 
-1043 
14 
750 
283 
78 
-507 
-818 
33 
836 
259 
-37 
71 
-81 
-562 
-675 
676 
745 
232 
-229 
-173 
-205 
-1056 
346 
948 
266 
74 
-74 
-574 
-733 
518 
736 
278 
-555 
-717 
419 
603 
141 
-114 
-219 
-582 
-279 
598 
735 
82 
-215 
-180 
-243 
-182 
-546 
88 
1106 
672 
-714 
-1089 
273 
721 
312 
178 
-113 
-827 
-454 
677 
505 
371 
-119 
-461 
-299 
-378 
49 
224 
566 
411 
-72 
-401 
-896 
89 
1016 
470 
-35 
-661 
-738 
498 
692 
212 
-319 
-898 
98 
811 
433 
39 
-292 
-754 
-606 
566 
729 
230 
-126 
-145 
192 
64 
-220 
-781 
17 
968 
316 
45 
-699 
-795 
485 
853 
145 
-485 
-156 
211 
284 
155 
-190 
-654 
-324 
669 
479 
272 
79 
-328 
-361 
-598 
-113 
740 
640 
-57 
-70 
-382 
-814 
407 
886 
315 
24 
-700 
-742 
302 
779 
318 
18 
-191 
-757 
-377 
764 
606 
5 
-117 
-329 
-97 
-160 
-452 
253 
900 
373 
-190 
-302 
-791 
-259 
1062 
709 
-21 
-491 
-961 
74 
752 
201 
4 
16 
-17 
-59 
-174 
-296 
267 
439 
79 
-7 
-724 
-378 
776 
559 
169 
-117 
-780 
-309 
604 
468 
208 
-337 
-710 
60 
719 
411 
-149 
-489 
-650 
210 
898 
331 
-107 
-362 
-45 
-254 
-666 
538 
929 
199 
-213 
-174 
-511 
-663 
606 
793 
-63 
-155 
-46 
99 
123 
105 
-3 
-580 
-205 
455 
257 
352 
32 
-195 
-194 
-609 
-175 
752 
674 
-43 
-267 
-389 
-289 
270 
500 
209 
91 
-308 
-631 
157 
569 
313 
31 
-217 
-280 
-26 
152 
0 
-191 
-40 
475 
281 
-119 
-603 
-339 
963 
553 
-195 
-353 
-793 
-1 
835 
439 
96 
-108 
-600 
-248 
471 
328 
151 
-163 
-131 
-232 
-519 
367 
688 
303 
3 
-208 
-267 
-349 
2 
513 
402 
-248 
-526 
34 
570 
264 
52 
-358 
-455 
241 
404 
305 
24 
-268 
-505 
-102 
565 
458 
12 
-121 
-351 
-601 
377 
716 
167 
-48 
-156 
-211 
-233 
222 
328 
101 
-79 
-293 
-14 
361 
241 
78 
-121 
-182 
-62 
16 
25 
-237 
159 
528 
384 
-274 
-713 
59 
500 
327 
94 
-133 
-569 
-163 
545 
354 
148 
-80 
-190 
-387 
-150 
475 
375 
57 
54 
-51 
-200 
-69 
66 
90 
79 
43 
13 
-26 
-517 
-139 
877 
617 
-51 
-331 
-337 
-213 
169 
200 
56 
193 
146 
108 
32 
-222 
-423 
108 
465 
211 
-12 
-100 
61 
-149 
-286 
184 
388 
130 
-25 
-100 
11 
64 
13 
61 
129 
68 
-230 
-60 
172 
191 
192 
27 
-383 
-299 
376 
359 
56 
-28 
133 
51 
-55 
-312 
-435 
407 
651 
254 
-210 
-195 
-355 
-396 
556 
593 
144 
-206 
-273 
68 
131 
95 
29 
-39 
-46 
90 
124 
114 
36 
3 
174 
-145 
-516 
94 
570 
237 
67 
-295 
-259 
298 
179 
103 
139 
-147 
-319 
51 
403 
233 
-74 
-496 
-75 
515 
248 
124 
-96 
-60 
-151 
-429 
290 
560 
183 
-12 
-169 
-80 
56 
67 
-327 
-318 
565 
559 
-72 
-82 
58 
120 
-133 
-387 
36 
472 
277 
-21 
-72 
-72 
9 
70 
23 
-130 
-297 
127 
614 
340 
30 
-423 
-462 
335 
382 
65 
21 
-8 
-19 
-39 
80 
107 
76 
1 
-36 
18 
87 
192 
133 
-83 
-387 
-122 
510 
288 
-3 
90 
10 
-87 
-378 
-137 
544 
367 
-145 
-127 
69 
155 
151 
-3 
-119 
-274 
-18 
486 
334 
-38 
-70 
-258 
-378 
331 
516 
183 
12 
-177 
-97 
-301 
-16 
482 
296 
43 
-121 
-107 
17 
159 
119 
117 
17 
-320 
-65 
375 
347 
45 
-108 
-178 
-305 
149 
479 
244 
13 
-181 
-86 
86 
53 
-158 
41 
325 
169 
85 
45 
32 
-322 
-288 
344 
434 
174 
25 
-183 
-325 
164 
431 
128 
-202 
-274 
157 
325 
88 
-19 
21 
81 
47 
-4 
37 
56 
129 
76 
-69 
-98 
-59 
198 
243 
116 
93 
-15 
-116 
-35 
115 
115 
-104 
-82 
299 
279 
27 
-166 
-131 
79 
137 
85 
19 
140 
93 
49 
159 
57 
-79 
-187 
-256 
173 
470 
176 
45 
-30 
63 
-142 
-288 
194 
331 
230 
101 
-71 
-393 
-129 
438 
282 
70 
-63 
-66 
30 
105 
150 
39 
-69 
-33 
192 
187 
-157 
-165 
268 
316 
103 
-114 
-351 
67 
359 
175 
160 
-24 
-75 
-197 
-258 
303 
406 
138 
21 
10 
52 
-115 
8 
146 
107 
129 
38 
70 
-217 
-262 
335 
384 
154 
12 
-221 
-217 
153 
326 
194 
59 
-91 
-39 
-155 
-42 
316 
248 
153 
40 
-148 
-235 
57 
301 
222 
81 
-17 
0 
-176 
-44 
248 
162 
134 
86 
-148 
-99 
203 
187 
83 
34 
-74 
4 
96 
79 
172 
125 
32 
-100 
-288 
101 
376 
180 
43 
54 
141 
15 
-82 
-219 
-139 
346 
365 
97 
15 
-125 
-109 
160 
192 
69 
37 
61 
108 
-40 
-124 
82 
186 
120 
85 
30 
-43 
29 
143 
91 
35 
15 
-7 
95 
150 
88 
-4 
27 
122 
-53 
-126 
122 
244 
103 
73 
88 
-89 
-25 
186 
165 
-6 
-42 
61 
127 
172 
92 
-136 
-212 
181 
371 
149 
-116 
-215 
140 
268 
107 
5 
0 
58 
66 
95 
55 
70 
47 
21 
73 
113 
51 
-35 
58 
154 
163 
-8 
-180 
34 
249 
151 
74 
-49 
34 
171 
134 
47 
-238 
0 
217 
135 
217 
141 
-132 
-280 
113 
302 
219 
127 
-34 
-42 
13 
-130 
-123 
366 
354 
35 
-117 
-33 
174 
166 
36 
-181 
49 
198 
96 
154 
117 
24 
-221 
-135 
281 
266 
130 
36 
-97 
15 
152 
185 
-126 
-252 
212 
390 
189 
-1 
-99 
-150 
67 
237 
158 
54 
-24 
125 
183 
45 
-195 
-105 
245 
260 
104 
-81 
-45 
176 
221 
138 
-48 
-262 
-8 
339 
236 
111 
-13 
-154 
-54 
222 
258 
-40 
-36 
125 
149 
158 
31 
-13 
-169 
-79 
334 
263 
91 
6 
32 
8 
-51 
86 
131 
85 
-62 
58 
214 
156 
81 
70 
0 
-199 
124 
243 
38 
131 
132 
37 
-193 
-63 
261 
255 
158 
-32 
-23 
17 
-121 
-20 
275 
288 
81 
-47 
-88 
24 
127 
168 
82 
-33 
39 
115 
138 
98 
38 
-151 
-97 
235 
246 
126 
14 
-40 
-44 
73 
112 
-50 
101 
188 
84 
117 
76 
-18 
-146 
-11 
289 
193 
-7 
-118 
-28 
210 
189 
34 
-65 
31 
141 
120 
83 
12 
10 
-20 
-86 
79 
264 
134 
26 
2 
-27 
58 
114 
78 
65 
27 
-11 
90 
63 
92 
123 
28 
6 
-118 
9 
217 
202 
73 
-30 
-33 
-102 
44 
225 
158 
72 
24 
-73 
-60 
114 
169 
106 
51 
-21 
-124 
21 
230 
143 
62 
6 
-78 
-12 
126 
124 
30 
70 
104 
47 
-49 
-114 
74 
189 
126 
69 
9 
20 
-91 
-22 
185 
122 
50 
22 
29 
51 
80 
25 
-50 
48 
88 
103 
83 
26 
14 
-72 
-41 
141 
181 
89 
29 
-61 
-74 
85 
144 
80 
70 
19 
-84 
-8 
125 
110 
68 
55 
-61 
-83 
106 
132 
65 
78 
30 
-80 
-27 
110 
101 
83 
63 
-17 
-93 
12 
149 
115 
57 
-4 
-55 
-18 
104 
114 
72 
38 
-15 
-26 
9 
61 
51 
61 
50 
66 
33 
7 
-11 
-72 
90 
153 
74 
17 
-34 
-43 
41 
141 
71 
-21 
-45 
47 
77 
36 
25 
22 
37 
20 
27 
30 
66 
49 
33 
-7 
-60 
39 
87 
69 
46 
30 
-12 
-36 
44 
102 
23 
-12 
48 
8 
12 
71 
49 
-14 
-39 
32 
87 
72 
31 
-3 
0 
-34 
-10 
112 
82 
22 
-27 
-51 
44 
73 
62 
37 
6 
-31 
-27 
54 
81 
43 
16 
2 
-44 
13 
91 
51 
12 
-5 
5 
20 
23 
26 
1 
8 
54 
18 
-13 
45 
53 
25 
12 
-23 
-2 
40 
38 
34 
23 
10 
-25 
-8 
50 
50 
25 
-2 
12 
20 
3 
1 
12 
33 
30 
22 
11 
-14 
-8 
37 
42 
23 
10 
-20 
-8 
35 
41 
21 
6 
-20 
-8 
34 
38 
22 
7 
1 
-16 
-2 
38 
26 
7 
4 
7 
11 
5 
7 
12 
13 
10 
8 
7 
12 
14 
8 
-3 
-6 
12 
17 
15 
8 
2 
5 
-6 
-1 
18 
15 
8 
2 
1 
4 
4 
5 
5 
2 
-3 
3 
11 
9 
3 
1 
0 
1 
4 
5 
3 
1 
1 
0 
-1 
1 
3 
1 
0 
0 
0 
