[ASCII 44100Hz, Channels: 1, Samples: 17133, Flags: 1]                        
-78 
-51 
-83 
-21 
-78 
1577 
4791 
7761 
10499 
12741 
14594 
16010 
17106 
17891 
18467 
18824 
19023 
19127 
19124 
19050 
18935 
18756 
18558 
18327 
18086 
17811 
17531 
17241 
16938 
16632 
16311 
15992 
15668 
15336 
15000 
14663 
14321 
13979 
13635 
13287 
12938 
12587 
12234 
11882 
11523 
11171 
10809 
10442 
9825 
9095 
8421 
7769 
7170 
6606 
6080 
5583 
5111 
4667 
4239 
3830 
3431 
3045 
2666 
2298 
1938 
1581 
1227 
879 
534 
189 
-147 
-485 
-822 
-1152 
-1481 
-1811 
-2138 
-2463 
-2784 
-3105 
-3419 
-3735 
-4047 
-4358 
-4664 
-4973 
-5271 
-5568 
-5868 
-6158 
-6450 
-6737 
-7019 
-7302 
-7575 
-7853 
-8121 
-8385 
-8651 
-8907 
-9165 
-9413 
-9662 
-9905 
-10142 
-10379 
-10607 
-10833 
-11054 
-11271 
-11484 
-11690 
-11897 
-12093 
-12285 
-12477 
-12657 
-12839 
-13013 
-13179 
-13344 
-13503 
-13655 
-13802 
-13949 
-14085 
-14219 
-14346 
-14465 
-14583 
-14694 
-14799 
-14900 
-14994 
-15083 
-15167 
-15245 
-15317 
-15386 
-15446 
-15503 
-15551 
-15596 
-15639 
-15669 
-15702 
-15722 
-15741 
-15752 
-15759 
-15759 
-15755 
-15744 
-15732 
-15708 
-15683 
-15654 
-15614 
-15575 
-15525 
-15474 
-15419 
-15354 
-15285 
-15215 
-15134 
-15053 
-14961 
-14873 
-14772 
-14670 
-14561 
-14450 
-14331 
-14211 
-14082 
-13955 
-13818 
-13674 
-13532 
-13382 
-13229 
-13067 
-12909 
-12740 
-12572 
-12395 
-12218 
-12038 
-11850 
-11660 
-11465 
-11265 
-11063 
-10863 
-10650 
-10440 
-10223 
-10005 
-9785 
-9558 
-9329 
-9099 
-8862 
-8625 
-8388 
-8141 
-7896 
-7647 
-7400 
-7142 
-6890 
-6632 
-6369 
-6108 
-5843 
-5579 
-5307 
-5040 
-4767 
-4491 
-4220 
-3939 
-3665 
-3383 
-3101 
-2822 
-2540 
-2256 
-1970 
-1688 
-1400 
-1113 
-825 
-536 
-251 
38 
326 
615 
900 
1188 
1478 
1763 
2048 
2333 
2621 
2903 
3189 
3470 
3753 
4031 
4313 
4589 
4865 
5141 
5412 
5684 
5952 
6221 
6486 
6747 
7013 
7269 
7527 
7781 
8031 
8279 
8528 
8771 
9008 
9245 
9480 
9708 
9936 
10161 
10380 
10599 
10814 
11025 
11229 
11430 
11630 
11825 
12018 
12201 
12387 
12564 
12738 
12909 
13074 
13232 
13394 
13545 
13694 
13836 
13973 
14108 
14237 
14363 
14483 
14600 
14708 
14813 
14915 
15006 
15098 
15186 
15266 
15341 
15411 
15476 
15536 
15590 
15645 
15690 
15726 
15764 
15797 
15818 
15839 
15857 
15864 
15870 
15869 
15863 
15851 
15837 
15816 
15789 
15759 
15723 
15681 
15638 
15590 
15530 
15474 
15407 
15338 
15266 
15185 
15102 
15015 
14921 
14826 
14726 
14621 
14510 
14397 
14279 
14154 
14028 
13896 
13761 
13622 
13479 
13331 
13179 
13026 
12864 
12701 
12537 
12366 
12194 
12017 
11835 
11652 
11463 
11270 
11079 
10883 
10680 
10475 
10269 
10058 
9845 
9632 
9411 
9192 
8967 
8738 
8510 
8277 
8043 
7805 
7565 
7323 
7082 
6833 
6584 
6338 
6081 
5828 
5573 
5313 
5057 
4794 
4532 
4269 
4005 
3740 
3473 
3209 
2937 
2670 
2400 
2133 
1862 
1592 
1320 
1049 
780 
510 
242 
-32 
-297 
-567 
-833 
-1097 
-1367 
-1629 
-1896 
-2157 
-2420 
-2684 
-2942 
-3203 
-3459 
-3717 
-3972 
-4226 
-4479 
-4730 
-4982 
-5226 
-5472 
-5715 
-5958 
-6195 
-6432 
-6666 
-6896 
-7124 
-7349 
-7569 
-7790 
-8004 
-8219 
-8427 
-8633 
-8837 
-9035 
-9233 
-9428 
-9615 
-9803 
-9983 
-10166 
-10343 
-10514 
-10688 
-10854 
-11016 
-11180 
-11331 
-11484 
-11631 
-11774 
-11915 
-12050 
-12180 
-12306 
-12426 
-12543 
-12656 
-12764 
-12866 
-12968 
-13059 
-13151 
-13232 
-13314 
-13385 
-13457 
-13523 
-13580 
-13640 
-13688 
-13737 
-13782 
-13821 
-13854 
-13883 
-13911 
-13935 
-13956 
-13970 
-13982 
-13989 
-13991 
-13997 
-13991 
-13986 
-13980 
-13965 
-13950 
-13931 
-13905 
-13878 
-13847 
-13808 
-13767 
-13716 
-13667 
-13608 
-13547 
-13476 
-13404 
-13325 
-13235 
-13148 
-13052 
-12953 
-12846 
-12737 
-12624 
-12503 
-12378 
-12248 
-12116 
-11978 
-11832 
-11685 
-11537 
-11384 
-11228 
-11067 
-10905 
-10745 
-10575 
-10409 
-10241 
-10065 
-9896 
-9719 
-9542 
-9360 
-9177 
-8991 
-8804 
-8610 
-8417 
-8219 
-8018 
-7817 
-7608 
-7398 
-7187 
-6974 
-6753 
-6536 
-6311 
-6083 
-5855 
-5622 
-5390 
-5154 
-4917 
-4676 
-4436 
-4193 
-3947 
-3699 
-3453 
-3201 
-2955 
-2705 
-2453 
-2204 
-1952 
-1700 
-1446 
-1194 
-944 
-696 
-444 
-192 
56 
306 
554 
801 
1046 
1295 
1541 
1787 
2033 
2280 
2526 
2771 
3018 
3263 
3512 
3758 
4004 
4250 
4494 
4737 
4982 
5223 
5463 
5702 
5939 
6173 
6407 
6641 
6869 
7101 
7323 
7550 
7770 
7985 
8204 
8409 
8616 
8822 
9017 
9212 
9401 
9581 
9761 
9935 
10101 
10266 
10425 
10574 
10725 
10866 
11003 
11139 
11265 
11396 
11517 
11640 
11757 
11871 
11982 
12089 
12195 
12300 
12393 
12488 
12579 
12660 
12741 
12816 
12885 
12953 
13008 
13064 
13110 
13154 
13202 
13233 
13265 
13292 
13313 
13331 
13343 
13353 
13358 
13359 
13355 
13347 
13338 
13323 
13304 
13286 
13259 
13232 
13205 
13173 
13136 
13101 
13061 
13023 
12977 
12930 
12882 
12828 
12771 
12711 
12641 
12569 
12494 
12408 
12323 
12225 
12129 
12030 
11924 
11819 
11709 
11597 
11481 
11361 
11238 
11112 
10980 
10847 
10709 
10566 
10421 
10266 
10113 
9956 
9794 
9630 
9467 
9294 
9126 
8954 
8784 
8606 
8429 
8247 
8064 
7881 
7689 
7503 
7310 
7116 
6921 
6716 
6518 
6312 
6105 
5900 
5687 
5478 
5270 
5058 
4844 
4632 
4421 
4203 
3993 
3780 
3561 
3351 
3134 
2921 
2706 
2489 
2273 
2057 
1838 
1623 
1403 
1185 
963 
743 
524 
302 
80 
-140 
-356 
-584 
-798 
-1019 
-1239 
-1460 
-1682 
-1904 
-2124 
-2348 
-2568 
-2789 
-3014 
-3233 
-3455 
-3672 
-3893 
-4107 
-4320 
-4535 
-4746 
-4958 
-5160 
-5366 
-5570 
-5768 
-5964 
-6158 
-6350 
-6537 
-6723 
-6908 
-7091 
-7265 
-7445 
-7617 
-7787 
-7958 
-8124 
-8292 
-8454 
-8621 
-8784 
-8945 
-9102 
-9258 
-9416 
-9566 
-9716 
-9866 
-10007 
-10151 
-10286 
-10422 
-10554 
-10683 
-10812 
-10937 
-11057 
-11175 
-11294 
-11399 
-11507 
-11606 
-11702 
-11793 
-11874 
-11957 
-12029 
-12102 
-12164 
-12234 
-12294 
-12350 
-12405 
-12456 
-12507 
-12551 
-12596 
-12638 
-12672 
-12707 
-12737 
-12764 
-12782 
-12798 
-12804 
-12807 
-12804 
-12795 
-12779 
-12759 
-12737 
-12707 
-12674 
-12638 
-12600 
-12561 
-12512 
-12464 
-12411 
-12356 
-12299 
-12239 
-12179 
-12113 
-12050 
-11978 
-11912 
-11840 
-11766 
-11690 
-11609 
-11529 
-11444 
-11354 
-11261 
-11163 
-11064 
-10961 
-10851 
-10739 
-10626 
-10505 
-10379 
-10257 
-10122 
-9989 
-9851 
-9710 
-9563 
-9408 
-9261 
-9101 
-8940 
-8777 
-8607 
-8436 
-8265 
-8084 
-7905 
-7721 
-7538 
-7353 
-7164 
-6978 
-6788 
-6599 
-6411 
-6219 
-6032 
-5840 
-5649 
-5456 
-5268 
-5073 
-4878 
-4685 
-4488 
-4296 
-4097 
-3900 
-3698 
-3497 
-3291 
-3090 
-2885 
-2679 
-2475 
-2265 
-2055 
-1848 
-1631 
-1422 
-1206 
-987 
-768 
-546 
-326 
-99 
125 
354 
587 
816 
1046 
1284 
1520 
1758 
1998 
2240 
2484 
2726 
2970 
3212 
3455 
3695 
3933 
4172 
4406 
4635 
4860 
5085 
5304 
5520 
5735 
5945 
6149 
6353 
6552 
6747 
6939 
7128 
7314 
7499 
7676 
7853 
8028 
8190 
8354 
8517 
8667 
8816 
8955 
9090 
9221 
9350 
9468 
9587 
9699 
9809 
9917 
10019 
10122 
10221 
10316 
10410 
10500 
10589 
10673 
10755 
10836 
10913 
10991 
11064 
11138 
11207 
11274 
11337 
11399 
11456 
11511 
11564 
11615 
11663 
11706 
11748 
11792 
11831 
11868 
11904 
11936 
11967 
11993 
12018 
12041 
12057 
12071 
12081 
12086 
12086 
12083 
12074 
12059 
12044 
12024 
11996 
11967 
11930 
11891 
11841 
11790 
11730 
11669 
11598 
11523 
11438 
11349 
11255 
11154 
11042 
10931 
10811 
10685 
10554 
10421 
10284 
10140 
9996 
9848 
9696 
9545 
9392 
9233 
9078 
8915 
8754 
8591 
8426 
8262 
8093 
7923 
7758 
7586 
7415 
7242 
7065 
6888 
6710 
6527 
6348 
6167 
5984 
5802 
5621 
5441 
5258 
5075 
4895 
4715 
4532 
4347 
4163 
3975 
3789 
3600 
3405 
3213 
3015 
2813 
2616 
2414 
2210 
2007 
1800 
1593 
1388 
1181 
969 
759 
551 
333 
123 
-96 
-309 
-531 
-752 
-974 
-1200 
-1422 
-1653 
-1880 
-2109 
-2339 
-2565 
-2793 
-3020 
-3245 
-3467 
-3687 
-3906 
-4124 
-4335 
-4547 
-4752 
-4958 
-5160 
-5361 
-5562 
-5759 
-5952 
-6146 
-6335 
-6522 
-6705 
-6887 
-7068 
-7241 
-7416 
-7583 
-7746 
-7908 
-8067 
-8222 
-8372 
-8519 
-8658 
-8801 
-8937 
-9069 
-9195 
-9320 
-9441 
-9557 
-9669 
-9776 
-9876 
-9972 
-10068 
-10152 
-10238 
-10313 
-10394 
-10466 
-10538 
-10610 
-10674 
-10740 
-10802 
-10863 
-10920 
-10977 
-11034 
-11082 
-11136 
-11178 
-11219 
-11259 
-11295 
-11327 
-11354 
-11382 
-11402 
-11420 
-11432 
-11442 
-11448 
-11448 
-11447 
-11444 
-11433 
-11421 
-11405 
-11381 
-11357 
-11327 
-11292 
-11250 
-11202 
-11154 
-11097 
-11037 
-10974 
-10899 
-10827 
-10749 
-10665 
-10578 
-10485 
-10395 
-10293 
-10190 
-10086 
-9978 
-9867 
-9752 
-9635 
-9515 
-9393 
-9267 
-9143 
-9015 
-8883 
-8753 
-8615 
-8484 
-8340 
-8198 
-8055 
-7908 
-7766 
-7619 
-7470 
-7322 
-7175 
-7026 
-6879 
-6734 
-6588 
-6444 
-6302 
-6158 
-6017 
-5873 
-5726 
-5580 
-5432 
-5282 
-5129 
-4976 
-4814 
-4652 
-4487 
-4322 
-4154 
-3981 
-3804 
-3635 
-3458 
-3278 
-3102 
-2924 
-2742 
-2565 
-2388 
-2211 
-2034 
-1856 
-1680 
-1502 
-1326 
-1151 
-972 
-798 
-624 
-450 
-276 
-102 
72 
248 
422 
597 
771 
950 
1127 
1307 
1484 
1668 
1850 
2034 
2220 
2406 
2594 
2778 
2973 
3159 
3351 
3542 
3726 
3914 
4098 
4283 
4460 
4638 
4811 
4980 
5147 
5306 
5466 
5618 
5769 
5915 
6059 
6194 
6329 
6455 
6578 
6701 
6816 
6929 
7035 
7139 
7242 
7344 
7437 
7530 
7620 
7709 
7794 
7880 
7961 
8045 
8123 
8201 
8276 
8357 
8427 
8499 
8565 
8637 
8700 
8763 
8826 
8885 
8945 
8999 
9056 
9107 
9161 
9207 
9257 
9305 
9350 
9399 
9441 
9488 
9533 
9570 
9608 
9650 
9681 
9716 
9747 
9774 
9798 
9819 
9840 
9860 
9867 
9879 
9887 
9887 
9887 
9879 
9873 
9860 
9843 
9821 
9794 
9764 
9731 
9692 
9647 
9602 
9548 
9497 
9437 
9375 
9315 
9245 
9176 
9105 
9027 
8946 
8867 
8781 
8697 
8606 
8516 
8424 
8327 
8231 
8130 
8030 
7928 
7818 
7715 
7602 
7491 
7373 
7254 
7137 
7013 
6887 
6764 
6632 
6497 
6365 
6225 
6090 
5946 
5804 
5663 
5513 
5367 
5216 
5063 
4910 
4754 
4596 
4434 
4274 
4112 
3947 
3780 
3614 
3449 
3284 
3114 
2951 
2778 
2615 
2451 
2282 
2118 
1952 
1788 
1623 
1460 
1295 
1130 
965 
798 
629 
461 
291 
125 
-45 
-219 
-390 
-558 
-731 
-903 
-1076 
-1248 
-1425 
-1599 
-1775 
-1949 
-2126 
-2306 
-2480 
-2658 
-2837 
-3014 
-3191 
-3363 
-3539 
-3716 
-3887 
-4062 
-4233 
-4406 
-4577 
-4746 
-4916 
-5087 
-5250 
-5415 
-5577 
-5736 
-5892 
-6047 
-6195 
-6342 
-6489 
-6629 
-6770 
-6900 
-7034 
-7158 
-7283 
-7395 
-7508 
-7614 
-7718 
-7814 
-7904 
-7994 
-8079 
-8159 
-8237 
-8315 
-8385 
-8453 
-8519 
-8583 
-8645 
-8706 
-8763 
-8822 
-8877 
-8931 
-8982 
-9035 
-9081 
-9126 
-9170 
-9212 
-9248 
-9285 
-9318 
-9344 
-9377 
-9396 
-9420 
-9435 
-9447 
-9458 
-9461 
-9464 
-9459 
-9455 
-9443 
-9429 
-9411 
-9393 
-9365 
-9336 
-9308 
-9273 
-9237 
-9200 
-9156 
-9114 
-9068 
-9018 
-8967 
-8913 
-8855 
-8795 
-8733 
-8666 
-8597 
-8526 
-8451 
-8373 
-8294 
-8210 
-8127 
-8036 
-7947 
-7857 
-7761 
-7665 
-7569 
-7475 
-7376 
-7274 
-7175 
-7074 
-6974 
-6870 
-6764 
-6660 
-6555 
-6450 
-6345 
-6240 
-6132 
-6026 
-5921 
-5808 
-5700 
-5586 
-5475 
-5358 
-5240 
-5124 
-5004 
-4880 
-4757 
-4628 
-4499 
-4365 
-4229 
-4089 
-3944 
-3794 
-3641 
-3485 
-3324 
-3158 
-2987 
-2817 
-2642 
-2462 
-2280 
-2094 
-1910 
-1719 
-1530 
-1341 
-1142 
-954 
-762 
-573 
-384 
-194 
-11 
173 
350 
528 
699 
870 
1037 
1197 
1359 
1517 
1668 
1815 
1967 
2112 
2258 
2399 
2537 
2679 
2814 
2952 
3084 
3219 
3351 
3482 
3611 
3738 
3873 
3996 
4130 
4256 
4382 
4506 
4625 
4746 
4859 
4976 
5079 
5189 
5292 
5396 
5495 
5594 
5690 
5783 
5874 
5964 
6051 
6137 
6221 
6300 
6383 
6461 
6537 
6612 
6690 
6761 
6834 
6900 
6969 
7032 
7091 
7154 
7212 
7271 
7323 
7377 
7433 
7482 
7533 
7584 
7629 
7677 
7722 
7761 
7803 
7845 
7878 
7911 
7943 
7971 
7998 
8018 
8040 
8057 
8067 
8076 
8085 
8084 
8085 
8078 
8070 
8058 
8042 
8025 
8006 
7983 
7958 
7932 
7904 
7871 
7838 
7806 
7770 
7737 
7698 
7664 
7628 
7590 
7551 
7511 
7470 
7427 
7386 
7343 
7299 
7254 
7208 
7161 
7113 
7062 
7013 
6960 
6909 
6851 
6797 
6741 
6681 
6626 
6561 
6507 
6446 
6383 
6329 
6261 
6203 
6137 
6075 
6005 
5934 
5867 
5787 
5714 
5627 
5540 
5454 
5360 
5265 
5163 
5064 
4958 
4847 
4731 
4617 
4500 
4376 
4253 
4124 
3992 
3861 
3729 
3593 
3456 
3320 
3180 
3041 
2903 
2768 
2625 
2489 
2346 
2207 
2066 
1922 
1776 
1626 
1484 
1326 
1173 
1019 
860 
702 
540 
378 
212 
48 
-123 
-287 
-456 
-626 
-792 
-960 
-1122 
-1287 
-1446 
-1604 
-1758 
-1914 
-2064 
-2217 
-2369 
-2523 
-2672 
-2825 
-2981 
-3135 
-3297 
-3455 
-3620 
-3782 
-3951 
-4116 
-4287 
-4458 
-4625 
-4796 
-4962 
-5130 
-5294 
-5459 
-5624 
-5780 
-5936 
-6087 
-6239 
-6380 
-6519 
-6659 
-6785 
-6912 
-7032 
-7148 
-7262 
-7367 
-7469 
-7568 
-7658 
-7746 
-7833 
-7908 
-7986 
-8058 
-8124 
-8187 
-8249 
-8304 
-8361 
-8409 
-8459 
-8502 
-8543 
-8579 
-8612 
-8640 
-8666 
-8685 
-8700 
-8712 
-8720 
-8729 
-8726 
-8726 
-8717 
-8709 
-8696 
-8684 
-8663 
-8645 
-8624 
-8600 
-8577 
-8546 
-8523 
-8492 
-8460 
-8429 
-8394 
-8360 
-8327 
-8289 
-8250 
-8207 
-8166 
-8121 
-8078 
-8030 
-7982 
-7931 
-7874 
-7820 
-7755 
-7695 
-7632 
-7565 
-7499 
-7424 
-7353 
-7274 
-7194 
-7110 
-7023 
-6933 
-6839 
-6741 
-6638 
-6534 
-6423 
-6315 
-6197 
-6078 
-5963 
-5840 
-5715 
-5589 
-5462 
-5331 
-5198 
-5064 
-4928 
-4793 
-4655 
-4515 
-4379 
-4239 
-4106 
-3968 
-3831 
-3692 
-3555 
-3417 
-3279 
-3144 
-3000 
-2865 
-2724 
-2588 
-2448 
-2307 
-2163 
-2022 
-1881 
-1737 
-1593 
-1451 
-1307 
-1164 
-1020 
-876 
-737 
-591 
-449 
-306 
-162 
-21 
126 
264 
407 
545 
678 
815 
953 
1085 
1218 
1352 
1484 
1614 
1746 
1880 
2010 
2135 
2265 
2391 
2517 
2640 
2762 
2886 
3002 
3123 
3242 
3357 
3473 
3582 
3698 
3806 
3917 
4022 
4133 
4235 
4338 
4443 
4544 
4646 
4749 
4847 
4949 
5043 
5144 
5237 
5333 
5427 
5519 
5613 
5705 
5795 
5885 
5976 
6062 
6147 
6233 
6318 
6395 
6474 
6551 
6624 
6693 
6761 
6825 
6885 
6947 
6999 
7056 
7106 
7152 
7196 
7241 
7278 
7316 
7353 
7388 
7425 
7454 
7485 
7518 
7544 
7568 
7590 
7613 
7626 
7646 
7655 
7667 
7673 
7677 
7682 
7682 
7676 
7668 
7662 
7650 
7637 
7623 
7604 
7586 
7569 
7545 
7521 
7496 
7467 
7442 
7410 
7380 
7343 
7308 
7269 
7226 
7182 
7130 
7085 
7029 
6975 
6917 
6855 
6792 
6726 
6660 
6593 
6516 
6441 
6363 
6285 
6204 
6125 
6041 
5958 
5873 
5786 
5700 
5612 
5523 
5433 
5343 
5246 
5153 
5049 
4953 
4848 
4743 
4634 
4521 
4412 
4295 
4178 
4055 
3932 
3809 
3675 
3548 
3414 
3278 
3140 
2999 
2862 
2720 
2576 
2433 
2289 
2142 
1997 
1853 
1706 
1559 
1412 
1260 
1109 
959 
807 
654 
500 
350 
192 
38 
-116 
-267 
-422 
-578 
-728 
-881 
-1031 
-1176 
-1326 
-1472 
-1616 
-1758 
-1895 
-2037 
-2169 
-2303 
-2436 
-2565 
-2696 
-2823 
-2951 
-3077 
-3200 
-3321 
-3441 
-3558 
-3672 
-3783 
-3891 
-3998 
-4101 
-4203 
-4299 
-4397 
-4491 
-4580 
-4671 
-4760 
-4842 
-4926 
-5010 
-5088 
-5163 
-5243 
-5316 
-5385 
-5456 
-5523 
-5588 
-5649 
-5708 
-5765 
-5819 
-5870 
-5919 
-5970 
-6015 
-6060 
-6104 
-6143 
-6180 
-6218 
-6252 
-6282 
-6314 
-6341 
-6369 
-6396 
-6420 
-6446 
-6470 
-6492 
-6516 
-6536 
-6558 
-6579 
-6594 
-6617 
-6635 
-6651 
-6668 
-6683 
-6701 
-6717 
-6731 
-6747 
-6759 
-6773 
-6782 
-6791 
-6801 
-6807 
-6812 
-6816 
-6818 
-6821 
-6821 
-6816 
-6818 
-6812 
-6806 
-6797 
-6782 
-6765 
-6746 
-6719 
-6690 
-6657 
-6623 
-6582 
-6537 
-6489 
-6437 
-6380 
-6320 
-6255 
-6192 
-6116 
-6048 
-5972 
-5897 
-5820 
-5735 
-5654 
-5567 
-5481 
-5390 
-5303 
-5213 
-5123 
-5027 
-4935 
-4839 
-4745 
-4646 
-4553 
-4457 
-4358 
-4260 
-4161 
-4067 
-3968 
-3873 
-3773 
-3677 
-3581 
-3483 
-3390 
-3293 
-3197 
-3099 
-3003 
-2906 
-2808 
-2712 
-2609 
-2511 
-2408 
-2306 
-2202 
-2091 
-1980 
-1866 
-1754 
-1632 
-1515 
-1394 
-1266 
-1140 
-1008 
-875 
-743 
-606 
-473 
-335 
-195 
-57 
84 
225 
363 
504 
648 
785 
927 
1067 
1202 
1337 
1469 
1602 
1728 
1859 
1985 
2106 
2231 
2346 
2465 
2579 
2693 
2802 
2909 
3014 
3114 
3213 
3308 
3402 
3492 
3581 
3662 
3749 
3828 
3906 
3983 
4055 
4128 
4194 
4263 
4325 
4388 
4446 
4505 
4563 
4619 
4673 
4727 
4782 
4835 
4884 
4937 
4986 
5033 
5081 
5126 
5171 
5213 
5256 
5291 
5327 
5361 
5393 
5423 
5448 
5474 
5495 
5519 
5537 
5553 
5576 
5589 
5607 
5622 
5637 
5649 
5664 
5676 
5690 
5705 
5717 
5729 
5739 
5751 
5759 
5771 
5780 
5790 
5799 
5813 
5817 
5829 
5838 
5847 
5859 
5867 
5876 
5886 
5892 
5901 
5912 
5916 
5924 
5931 
5936 
5939 
5940 
5937 
5939 
5937 
5934 
5928 
5922 
5910 
5900 
5891 
5876 
5862 
5847 
5828 
5805 
5781 
5754 
5724 
5688 
5654 
5615 
5573 
5525 
5481 
5429 
5372 
5318 
5252 
5186 
5118 
5045 
4967 
4889 
4808 
4719 
4635 
4548 
4460 
4365 
4274 
4179 
4082 
3983 
3885 
3782 
3680 
3578 
3468 
3365 
3258 
3146 
3039 
2927 
2819 
2706 
2591 
2477 
2357 
2241 
2121 
1997 
1875 
1748 
1619 
1490 
1358 
1229 
1092 
962 
825 
692 
554 
422 
290 
153 
20 
-111 
-243 
-378 
-507 
-639 
-771 
-905 
-1035 
-1170 
-1302 
-1437 
-1569 
-1695 
-1824 
-1947 
-2066 
-2184 
-2300 
-2412 
-2519 
-2625 
-2726 
-2826 
-2922 
-3018 
-3110 
-3203 
-3291 
-3383 
-3470 
-3558 
-3647 
-3737 
-3828 
-3915 
-4010 
-4098 
-4191 
-4280 
-4373 
-4463 
-4554 
-4644 
-4733 
-4823 
-4911 
-4997 
-5079 
-5165 
-5237 
-5313 
-5382 
-5448 
-5508 
-5567 
-5618 
-5669 
-5715 
-5756 
-5798 
-5841 
-5877 
-5915 
-5948 
-5979 
-6012 
-6039 
-6066 
-6092 
-6116 
-6137 
-6162 
-6179 
-6200 
-6216 
-6233 
-6249 
-6260 
-6276 
-6287 
-6302 
-6311 
-6324 
-6336 
-6347 
-6353 
-6363 
-6366 
-6368 
-6368 
-6363 
-6360 
-6353 
-6342 
-6326 
-6315 
-6293 
-6272 
-6255 
-6228 
-6200 
-6174 
-6144 
-6110 
-6080 
-6044 
-6008 
-5969 
-5933 
-5891 
-5850 
-5807 
-5762 
-5714 
-5664 
-5613 
-5559 
-5502 
-5447 
-5385 
-5325 
-5264 
-5201 
-5141 
-5076 
-5010 
-4943 
-4880 
-4811 
-4743 
-4679 
-4608 
-4539 
-4470 
-4398 
-4322 
-4244 
-4166 
-4083 
-3996 
-3906 
-3818 
-3726 
-3630 
-3531 
-3432 
-3329 
-3221 
-3110 
-3000 
-2886 
-2769 
-2654 
-2534 
-2415 
-2292 
-2172 
-2054 
-1935 
-1812 
-1697 
-1577 
-1458 
-1347 
-1230 
-1116 
-1002 
-887 
-774 
-665 
-549 
-438 
-323 
-210 
-96 
21 
140 
254 
374 
491 
611 
732 
854 
980 
1103 
1230 
1355 
1484 
1614 
1743 
1874 
2007 
2139 
2273 
2408 
2543 
2676 
2813 
2951 
3083 
3216 
3348 
3479 
3603 
3729 
3852 
3968 
4083 
4193 
4301 
4404 
4506 
4599 
4689 
4778 
4862 
4943 
5021 
5097 
5166 
5237 
5301 
5366 
5427 
5483 
5538 
5591 
5639 
5681 
5720 
5757 
5789 
5817 
5844 
5867 
5885 
5903 
5915 
5927 
5928 
5934 
5933 
5928 
5924 
5910 
5900 
5885 
5865 
5846 
5829 
5807 
5784 
5759 
5736 
5711 
5685 
5663 
5636 
5609 
5579 
5550 
5522 
5492 
5456 
5424 
5390 
5354 
5318 
5279 
5246 
5207 
5171 
5133 
5096 
5063 
5028 
4989 
4953 
4917 
4880 
4842 
4802 
4763 
4722 
4685 
4643 
4604 
4565 
4524 
4485 
4445 
4403 
4365 
4326 
4287 
4248 
4209 
4172 
4130 
4095 
4056 
4020 
3984 
3947 
3908 
3872 
3831 
3789 
3750 
3702 
3663 
3617 
3569 
3524 
3471 
3423 
3366 
3311 
3254 
3189 
3131 
3066 
2997 
2930 
2856 
2780 
2703 
2625 
2541 
2460 
2376 
2289 
2201 
2111 
2021 
1925 
1832 
1733 
1632 
1527 
1428 
1322 
1217 
1109 
996 
888 
780 
669 
558 
450 
341 
230 
120 
9 
-101 
-210 
-318 
-428 
-539 
-644 
-758 
-866 
-980 
-1086 
-1199 
-1311 
-1419 
-1530 
-1638 
-1745 
-1851 
-1956 
-2061 
-2166 
-2265 
-2366 
-2463 
-2556 
-2652 
-2741 
-2823 
-2912 
-2994 
-3069 
-3149 
-3225 
-3296 
-3371 
-3441 
-3512 
-3582 
-3650 
-3722 
-3785 
-3848 
-3914 
-3975 
-4037 
-4100 
-4161 
-4218 
-4275 
-4329 
-4386 
-4431 
-4484 
-4530 
-4578 
-4622 
-4664 
-4707 
-4748 
-4788 
-4827 
-4868 
-4905 
-4946 
-4982 
-5021 
-5054 
-5090 
-5121 
-5151 
-5183 
-5205 
-5234 
-5255 
-5277 
-5297 
-5312 
-5327 
-5340 
-5349 
-5360 
-5364 
-5370 
-5370 
-5376 
-5373 
-5372 
-5373 
-5366 
-5364 
-5358 
-5351 
-5343 
-5337 
-5330 
-5319 
-5307 
-5297 
-5285 
-5271 
-5253 
-5235 
-5216 
-5193 
-5168 
-5142 
-5115 
-5082 
-5049 
-5018 
-4979 
-4937 
-4896 
-4853 
-4800 
-4751 
-4697 
-4643 
-4586 
-4529 
-4469 
-4403 
-4343 
-4277 
-4214 
-4146 
-4082 
-4013 
-3947 
-3881 
-3815 
-3749 
-3681 
-3614 
-3548 
-3480 
-3416 
-3345 
-3281 
-3212 
-3144 
-3077 
-3008 
-2940 
-2870 
-2801 
-2732 
-2655 
-2582 
-2504 
-2426 
-2346 
-2262 
-2178 
-2094 
-2006 
-1919 
-1832 
-1745 
-1655 
-1568 
-1479 
-1388 
-1299 
-1208 
-1113 
-1023 
-930 
-842 
-746 
-648 
-551 
-456 
-356 
-257 
-161 
-57 
41 
140 
237 
335 
432 
531 
630 
728 
827 
924 
1023 
1122 
1223 
1322 
1425 
1526 
1625 
1728 
1827 
1925 
2022 
2117 
2216 
2306 
2397 
2490 
2576 
2666 
2751 
2838 
2918 
3009 
3087 
3170 
3252 
3330 
3411 
3489 
3570 
3644 
3719 
3791 
3864 
3935 
3998 
4062 
4128 
4185 
4241 
4296 
4349 
4392 
4440 
4485 
4524 
4563 
4601 
4635 
4671 
4700 
4733 
4757 
4785 
4806 
4829 
4847 
4868 
4886 
4901 
4916 
4929 
4941 
4947 
4959 
4964 
4971 
4976 
4979 
4982 
4983 
4986 
4986 
4986 
4986 
4982 
4985 
4983 
4980 
4977 
4977 
4973 
4964 
4962 
4955 
4947 
4937 
4923 
4911 
4896 
4883 
4863 
4844 
4821 
4799 
4773 
4748 
4724 
4698 
4668 
4638 
4610 
4577 
4545 
4509 
4475 
4442 
4403 
4367 
4326 
4286 
4244 
4200 
4152 
4107 
4053 
4001 
3947 
3885 
3825 
3759 
3693 
3626 
3548 
3476 
3396 
3317 
3237 
3155 
3074 
2985 
2901 
2816 
2729 
2642 
2555 
2471 
2385 
2297 
2214 
2130 
2046 
1964 
1877 
1793 
1712 
1628 
1545 
1461 
1380 
1299 
1214 
1134 
1049 
968 
882 
798 
711 
627 
536 
450 
362 
267 
179 
83 
-8 
-102 
-195 
-291 
-384 
-474 
-566 
-657 
-746 
-836 
-926 
-1013 
-1103 
-1193 
-1286 
-1374 
-1470 
-1560 
-1653 
-1748 
-1839 
-1935 
-2028 
-2123 
-2219 
-2307 
-2405 
-2495 
-2583 
-2673 
-2757 
-2846 
-2930 
-3014 
-3093 
-3173 
-3248 
-3320 
-3393 
-3461 
-3528 
-3594 
-3654 
-3714 
-3776 
-3831 
-3887 
-3941 
-3990 
-4038 
-4085 
-4130 
-4170 
-4211 
-4245 
-4280 
-4313 
-4347 
-4374 
-4403 
-4430 
-4455 
-4476 
-4500 
-4521 
-4539 
-4559 
-4577 
-4589 
-4602 
-4614 
-4619 
-4631 
-4634 
-4640 
-4643 
-4644 
-4643 
-4643 
-4637 
-4635 
-4622 
-4619 
-4610 
-4598 
-4589 
-4575 
-4563 
-4548 
-4536 
-4521 
-4509 
-4494 
-4479 
-4467 
-4452 
-4440 
-4421 
-4403 
-4385 
-4365 
-4341 
-4316 
-4292 
-4263 
-4230 
-4200 
-4164 
-4130 
-4092 
-4053 
-4013 
-3971 
-3929 
-3884 
-3836 
-3786 
-3735 
-3683 
-3629 
-3570 
-3510 
-3447 
-3389 
-3326 
-3261 
-3200 
-3140 
-3078 
-3015 
-2955 
-2894 
-2834 
-2775 
-2715 
-2652 
-2598 
-2537 
-2481 
-2423 
-2364 
-2310 
-2253 
-2196 
-2136 
-2082 
-2022 
-1967 
-1905 
-1847 
-1791 
-1730 
-1673 
-1614 
-1554 
-1497 
-1439 
-1382 
-1322 
-1266 
-1209 
-1146 
-1095 
-1034 
-978 
-923 
-857 
-804 
-738 
-680 
-618 
-555 
-492 
-429 
-366 
-303 
-236 
-173 
-113 
-47 
21 
86 
147 
213 
275 
338 
399 
464 
524 
581 
641 
699 
753 
812 
861 
918 
971 
1025 
1083 
1139 
1197 
1256 
1314 
1376 
1431 
1494 
1559 
1620 
1686 
1751 
1818 
1886 
1956 
2027 
2097 
2165 
2237 
2309 
2376 
2447 
2514 
2586 
2658 
2726 
2790 
2861 
2924 
2990 
3051 
3117 
3177 
3237 
3300 
3353 
3413 
3461 
3518 
3569 
3615 
3666 
3710 
3758 
3804 
3845 
3893 
3936 
3978 
4020 
4061 
4104 
4142 
4182 
4212 
4253 
4289 
4322 
4355 
4386 
4418 
4449 
4476 
4503 
4535 
4560 
4584 
4610 
4634 
4655 
4679 
4692 
4709 
4721 
4730 
4737 
4742 
4745 
4737 
4740 
4731 
4724 
4712 
4701 
4688 
4667 
4652 
4632 
4610 
4587 
4562 
4532 
4505 
4473 
4436 
4398 
4359 
4314 
4274 
4226 
4176 
4124 
4070 
4014 
3953 
3891 
3830 
3767 
3704 
3638 
3570 
3504 
3434 
3365 
3297 
3231 
3159 
3089 
3018 
2948 
2879 
2807 
2736 
2661 
2594 
2519 
2448 
2378 
2306 
2231 
2156 
2082 
2003 
1929 
1848 
1770 
1689 
1605 
1526 
1442 
1356 
1274 
1190 
1104 
1026 
941 
857 
771 
690 
603 
527 
440 
360 
276 
197 
117 
39 
-41 
-120 
-194 
-273 
-348 
-423 
-500 
-573 
-645 
-717 
-783 
-851 
-914 
-977 
-1037 
-1094 
-1151 
-1205 
-1262 
-1311 
-1365 
-1413 
-1467 
-1517 
-1566 
-1622 
-1674 
-1725 
-1779 
-1830 
-1887 
-1943 
-1998 
-2052 
-2109 
-2165 
-2223 
-2277 
-2336 
-2393 
-2447 
-2504 
-2555 
-2612 
-2666 
-2723 
-2771 
-2826 
-2879 
-2933 
-2988 
-3039 
-3092 
-3147 
-3200 
-3251 
-3303 
-3356 
-3410 
-3461 
-3510 
-3558 
-3609 
-3653 
-3699 
-3741 
-3786 
-3825 
-3864 
-3905 
-3941 
-3978 
-4013 
-4052 
-4083 
-4116 
-4149 
-4184 
-4211 
-4241 
-4268 
-4292 
-4317 
-4338 
-4361 
-4379 
-4395 
-4407 
-4419 
-4427 
-4434 
-4440 
-4439 
-4436 
-4433 
-4427 
-4415 
-4397 
-4385 
-4362 
-4335 
-4313 
-4278 
-4251 
-4212 
-4173 
-4134 
-4089 
-4044 
-4001 
-3951 
-3900 
-3852 
-3797 
-3747 
-3692 
-3639 
-3588 
-3534 
-3482 
-3425 
-3369 
-3314 
-3257 
-3198 
-3138 
-3078 
-3017 
-2952 
-2891 
-2828 
-2760 
-2697 
-2631 
-2565 
-2498 
-2430 
-2364 
-2301 
-2235 
-2174 
-2109 
-2049 
-1986 
-1928 
-1868 
-1808 
-1749 
-1686 
-1628 
-1571 
-1512 
-1455 
-1397 
-1341 
-1289 
-1233 
-1181 
-1127 
-1070 
-1022 
-963 
-911 
-857 
-798 
-743 
-689 
-627 
-572 
-510 
-453 
-393 
-336 
-276 
-213 
-159 
-98 
-38 
21 
84 
143 
201 
267 
326 
390 
453 
519 
584 
651 
720 
789 
855 
926 
993 
1064 
1133 
1199 
1269 
1332 
1401 
1467 
1532 
1596 
1661 
1725 
1787 
1850 
1913 
1974 
2037 
2102 
2165 
2228 
2289 
2349 
2412 
2471 
2529 
2586 
2640 
2699 
2750 
2799 
2850 
2897 
2946 
2991 
3038 
3083 
3129 
3170 
3213 
3254 
3293 
3330 
3366 
3401 
3438 
3468 
3500 
3531 
3560 
3584 
3606 
3632 
3651 
3669 
3687 
3704 
3716 
3729 
3738 
3744 
3752 
3753 
3758 
3758 
3753 
3753 
3741 
3732 
3719 
3704 
3687 
3668 
3648 
3624 
3602 
3572 
3549 
3521 
3494 
3467 
3437 
3404 
3378 
3344 
3311 
3281 
3245 
3209 
3177 
3138 
3105 
3066 
3030 
2994 
2955 
2922 
2885 
2849 
2811 
2775 
2736 
2702 
2663 
2624 
2586 
2546 
2505 
2465 
2426 
2381 
2342 
2298 
2256 
2216 
2171 
2130 
2085 
2046 
2000 
1958 
1919 
1871 
1833 
1790 
1749 
1710 
1665 
1626 
1583 
1541 
1500 
1455 
1410 
1368 
1320 
1275 
1230 
1182 
1137 
1095 
1046 
996 
953 
903 
854 
806 
753 
701 
650 
597 
540 
485 
426 
368 
312 
249 
192 
137 
75 
18 
-41 
-98 
-150 
-206 
-257 
-311 
-359 
-408 
-455 
-498 
-546 
-591 
-633 
-677 
-714 
-756 
-795 
-833 
-870 
-906 
-945 
-983 
-1016 
-1053 
-1091 
-1128 
-1164 
-1199 
-1239 
-1272 
-1310 
-1346 
-1380 
-1416 
-1457 
-1490 
-1527 
-1563 
-1604 
-1641 
-1679 
-1719 
-1761 
-1802 
-1847 
-1889 
-1931 
-1971 
-2015 
-2060 
-2102 
-2148 
-2192 
-2235 
-2277 
-2318 
-2358 
-2396 
-2430 
-2468 
-2501 
-2531 
-2561 
-2597 
-2621 
-2646 
-2672 
-2693 
-2717 
-2735 
-2751 
-2762 
-2781 
-2790 
-2799 
-2810 
-2814 
-2823 
-2826 
-2832 
-2841 
-2846 
-2853 
-2862 
-2873 
-2883 
-2898 
-2912 
-2931 
-2948 
-2969 
-2991 
-3012 
-3035 
-3059 
-3083 
-3104 
-3131 
-3150 
-3174 
-3189 
-3212 
-3225 
-3242 
-3254 
-3263 
-3270 
-3270 
-3273 
-3267 
-3261 
-3249 
-3239 
-3219 
-3201 
-3179 
-3152 
-3131 
-3104 
-3075 
-3047 
-3020 
-2990 
-2960 
-2930 
-2901 
-2868 
-2832 
-2804 
-2769 
-2733 
-2699 
-2666 
-2625 
-2591 
-2555 
-2522 
-2489 
-2454 
-2418 
-2385 
-2354 
-2318 
-2285 
-2246 
-2211 
-2169 
-2132 
-2093 
-2049 
-2006 
-1965 
-1917 
-1875 
-1830 
-1784 
-1739 
-1688 
-1640 
-1589 
-1542 
-1487 
-1439 
-1379 
-1326 
-1266 
-1208 
-1145 
-1080 
-1020 
-950 
-884 
-813 
-744 
-671 
-596 
-524 
-447 
-375 
-300 
-224 
-149 
-74 
2 
77 
156 
228 
305 
380 
458 
534 
606 
684 
759 
833 
906 
980 
1053 
1127 
1197 
1271 
1344 
1412 
1482 
1550 
1617 
1682 
1748 
1811 
1869 
1929 
1989 
2046 
2102 
2156 
2205 
2259 
2306 
2354 
2400 
2444 
2487 
2528 
2568 
2606 
2642 
2676 
2711 
2742 
2777 
2805 
2834 
2862 
2886 
2916 
2939 
2964 
2985 
3006 
3026 
3047 
3060 
3080 
3096 
3110 
3125 
3137 
3150 
3162 
3173 
3180 
3189 
3197 
3209 
3209 
3218 
3219 
3224 
3225 
3225 
3227 
3218 
3219 
3216 
3210 
3201 
3192 
3182 
3170 
3158 
3144 
3128 
3114 
3096 
3077 
3059 
3035 
3014 
2993 
2966 
2937 
2912 
2880 
2852 
2822 
2790 
2759 
2729 
2693 
2663 
2627 
2594 
2561 
2525 
2490 
2454 
2418 
2379 
2343 
2304 
2270 
2231 
2198 
2157 
2123 
2088 
2054 
2022 
1983 
1953 
1916 
1883 
1851 
1817 
1784 
1749 
1716 
1688 
1655 
1626 
1592 
1560 
1529 
1494 
1461 
1430 
1397 
1364 
1329 
1298 
1265 
1232 
1200 
1166 
1130 
1097 
1061 
1025 
989 
951 
914 
876 
839 
797 
758 
722 
680 
642 
600 
560 
524 
482 
443 
399 
362 
318 
278 
234 
192 
146 
102 
59 
9 
-39 
-93 
-143 
-200 
-254 
-311 
-369 
-426 
-489 
-551 
-612 
-674 
-743 
-806 
-869 
-935 
-999 
-1067 
-1128 
-1194 
-1262 
-1323 
-1388 
-1452 
-1512 
-1577 
-1634 
-1700 
-1760 
-1820 
-1881 
-1940 
-2003 
-2057 
-2115 
-2172 
-2229 
-2277 
-2334 
-2385 
-2435 
-2481 
-2531 
-2573 
-2615 
-2648 
-2685 
-2720 
-2751 
-2778 
-2805 
-2831 
-2850 
-2873 
-2897 
-2913 
-2934 
-2951 
-2969 
-2985 
-3003 
-3012 
-3029 
-3045 
-3053 
-3068 
-3077 
-3087 
-3092 
-3104 
-3108 
-3113 
-3114 
-3113 
-3111 
-3107 
-3099 
-3092 
-3087 
-3072 
-3065 
-3051 
-3038 
-3024 
-3012 
-2999 
-2979 
-2966 
-2951 
-2939 
-2925 
-2910 
-2897 
-2885 
-2873 
-2859 
-2850 
-2840 
-2829 
-2823 
-2810 
-2801 
-2787 
-2777 
-2765 
-2753 
-2736 
-2721 
-2702 
-2685 
-2661 
-2643 
-2613 
-2588 
-2562 
-2529 
-2499 
-2463 
-2426 
-2385 
-2345 
-2304 
-2261 
-2214 
-2171 
-2127 
-2079 
-2037 
-1989 
-1943 
-1895 
-1848 
-1800 
-1755 
-1706 
-1656 
-1608 
-1557 
-1511 
-1458 
-1410 
-1358 
-1305 
-1256 
-1200 
-1151 
-1095 
-1049 
-990 
-938 
-885 
-834 
-782 
-725 
-671 
-617 
-566 
-509 
-456 
-401 
-345 
-290 
-239 
-183 
-131 
-80 
-26 
26 
84 
137 
188 
242 
293 
344 
395 
444 
497 
543 
591 
639 
686 
732 
779 
827 
872 
915 
962 
1005 
1052 
1100 
1145 
1188 
1235 
1277 
1323 
1365 
1407 
1458 
1500 
1548 
1590 
1638 
1683 
1730 
1781 
1821 
1866 
1911 
1958 
2000 
2042 
2085 
2126 
2168 
2208 
2246 
2282 
2318 
2348 
2384 
2412 
2442 
2472 
2496 
2525 
2552 
2576 
2601 
2624 
2646 
2670 
2691 
2714 
2735 
2759 
2780 
2799 
2823 
2846 
2871 
2894 
2916 
2939 
2964 
2985 
3008 
3032 
3053 
3072 
3090 
3105 
3122 
3138 
3150 
3162 
3170 
3185 
3191 
3194 
3200 
3201 
3203 
3198 
3195 
3191 
3182 
3173 
3158 
3146 
3126 
3108 
3084 
3063 
3035 
3003 
2973 
2939 
2903 
2865 
2823 
2783 
2739 
2696 
2651 
2607 
2561 
2510 
2466 
2415 
2366 
2315 
2264 
2208 
2157 
2102 
2046 
1986 
1929 
1868 
1808 
1745 
1680 
1620 
1556 
1493 
1427 
1364 
1305 
1241 
1181 
1119 
1062 
1005 
947 
890 
837 
785 
734 
680 
629 
581 
530 
479 
432 
387 
339 
296 
251 
206 
164 
122 
81 
42 
-2 
-39 
-80 
-116 
-152 
-186 
-224 
-260 
-293 
-329 
-360 
-395 
-426 
-458 
-491 
-518 
-549 
-584 
-612 
-642 
-674 
-705 
-732 
-767 
-794 
-825 
-854 
-879 
-909 
-932 
-963 
-981 
-1008 
-1035 
-1052 
-1074 
-1097 
-1115 
-1136 
-1154 
-1172 
-1188 
-1208 
-1227 
-1248 
-1263 
-1287 
-1305 
-1326 
-1352 
-1368 
-1391 
-1412 
-1434 
-1455 
-1478 
-1497 
-1523 
-1545 
-1568 
-1593 
-1614 
-1644 
-1665 
-1691 
-1718 
-1740 
-1763 
-1787 
-1811 
-1830 
-1856 
-1880 
-1899 
-1926 
-1949 
-1974 
-1997 
-2021 
-2045 
-2070 
-2094 
-2118 
-2145 
-2172 
-2199 
-2226 
-2253 
-2280 
-2306 
-2334 
-2363 
-2390 
-2418 
-2445 
-2472 
-2495 
-2516 
-2538 
-2559 
-2580 
-2595 
-2612 
-2624 
-2637 
-2649 
-2655 
-2667 
-2667 
-2672 
-2673 
-2673 
-2670 
-2667 
-2663 
-2654 
-2648 
-2640 
-2633 
-2621 
-2610 
-2601 
-2589 
-2573 
-2564 
-2546 
-2531 
-2516 
-2496 
-2478 
-2460 
-2441 
-2421 
-2400 
-2376 
-2352 
-2325 
-2300 
-2277 
-2246 
-2222 
-2193 
-2166 
-2138 
-2108 
-2081 
-2048 
-2016 
-1983 
-1952 
-1917 
-1880 
-1842 
-1805 
-1764 
-1725 
-1685 
-1644 
-1602 
-1557 
-1515 
-1470 
-1428 
-1382 
-1334 
-1286 
-1242 
-1191 
-1143 
-1095 
-1043 
-993 
-942 
-888 
-837 
-783 
-728 
-674 
-618 
-564 
-506 
-450 
-396 
-341 
-287 
-230 
-179 
-122 
-69 
-17 
36 
87 
140 
186 
237 
282 
329 
374 
422 
465 
507 
548 
587 
629 
668 
705 
744 
783 
821 
857 
896 
932 
971 
1004 
1047 
1083 
1122 
1163 
1202 
1244 
1284 
1323 
1364 
1409 
1445 
1488 
1527 
1569 
1608 
1646 
1685 
1722 
1758 
1796 
1832 
1865 
1904 
1937 
1968 
2006 
2037 
2075 
2109 
2141 
2174 
2202 
2234 
2259 
2288 
2315 
2343 
2364 
2388 
2412 
2436 
2453 
2478 
2495 
2516 
2535 
2550 
2568 
2583 
2598 
2609 
2624 
2633 
2640 
2652 
2657 
2663 
2670 
2669 
2676 
2676 
2679 
2684 
2682 
2687 
2685 
2682 
2679 
2676 
2673 
2667 
2660 
2649 
2640 
2625 
2613 
2600 
2582 
2565 
2546 
2528 
2505 
2483 
2460 
2436 
2411 
2385 
2360 
2328 
2301 
2265 
2235 
2202 
2168 
2133 
2097 
2064 
2027 
1994 
1956 
1922 
1887 
1853 
1820 
1779 
1745 
1709 
1670 
1637 
1598 
1560 
1524 
1485 
1446 
1409 
1371 
1332 
1296 
1259 
1218 
1185 
1146 
1109 
1076 
1034 
999 
963 
927 
894 
857 
824 
788 
756 
719 
684 
653 
618 
587 
552 
521 
486 
452 
423 
387 
359 
326 
293 
260 
227 
197 
159 
123 
92 
54 
14 
-20 
-60 
-101 
-143 
-185 
-228 
-273 
-321 
-365 
-410 
-459 
-510 
-561 
-606 
-657 
-702 
-755 
-807 
-857 
-905 
-957 
-1005 
-1055 
-1106 
-1157 
-1205 
-1250 
-1299 
-1347 
-1392 
-1436 
-1481 
-1523 
-1563 
-1604 
-1641 
-1679 
-1718 
-1752 
-1787 
-1818 
-1853 
-1883 
-1910 
-1941 
-1967 
-1994 
-2021 
-2042 
-2066 
-2093 
-2111 
-2130 
-2148 
-2168 
-2183 
-2201 
-2214 
-2231 
-2240 
-2258 
-2268 
-2279 
-2292 
-2300 
-2313 
-2316 
-2325 
-2336 
-2339 
-2342 
-2343 
-2348 
-2348 
-2348 
-2346 
-2343 
-2339 
-2339 
-2336 
-2333 
-2328 
-2324 
-2319 
-2313 
-2310 
-2300 
-2295 
-2288 
-2279 
-2271 
-2264 
-2258 
-2247 
-2237 
-2223 
-2213 
-2201 
-2190 
-2174 
-2162 
-2144 
-2129 
-2115 
-2094 
-2076 
-2054 
-2034 
-2012 
-1992 
-1971 
-1944 
-1925 
-1899 
-1875 
-1851 
-1826 
-1802 
-1770 
-1748 
-1719 
-1688 
-1658 
-1628 
-1598 
-1566 
-1530 
-1502 
-1467 
-1436 
-1401 
-1370 
-1338 
-1305 
-1274 
-1244 
-1209 
-1179 
-1145 
-1113 
-1076 
-1044 
-1010 
-974 
-942 
-903 
-870 
-837 
-803 
-768 
-732 
-696 
-665 
-626 
-593 
-560 
-521 
-489 
-453 
-416 
-381 
-348 
-314 
-279 
-245 
-213 
-180 
-147 
-117 
-84 
-53 
-21 
12 
41 
75 
111 
143 
179 
213 
251 
288 
327 
363 
402 
438 
477 
513 
557 
596 
630 
672 
713 
755 
791 
834 
876 
917 
959 
1001 
1043 
1082 
1122 
1163 
1200 
1236 
1274 
1307 
1335 
1371 
1398 
1430 
1457 
1485 
1511 
1535 
1563 
1583 
1610 
1629 
1652 
1673 
1692 
1710 
1724 
1743 
1760 
1773 
1788 
1805 
1817 
1838 
1850 
1868 
1887 
1902 
1917 
1935 
1950 
1968 
1983 
2000 
2018 
2030 
2048 
2063 
2079 
2094 
2108 
2120 
2133 
2148 
2157 
2171 
2181 
2195 
2201 
2214 
2222 
2232 
2238 
2244 
2255 
2256 
2267 
2268 
2273 
2274 
2277 
2277 
2274 
2271 
2268 
2262 
2256 
2250 
2240 
2231 
2219 
2204 
2189 
2178 
2162 
2144 
2123 
2106 
2085 
2061 
2037 
2013 
1989 
1964 
1937 
1911 
1884 
1857 
1824 
1797 
1767 
1734 
1704 
1671 
1640 
1605 
1572 
1536 
1502 
1463 
1424 
1385 
1347 
1307 
1266 
1223 
1184 
1140 
1098 
1059 
1016 
975 
933 
894 
849 
807 
771 
728 
687 
648 
609 
569 
531 
494 
456 
419 
384 
350 
314 
282 
240 
213 
176 
144 
113 
83 
47 
17 
-15 
-47 
-77 
-114 
-143 
-179 
-209 
-242 
-272 
-306 
-333 
-368 
-396 
-428 
-458 
-488 
-516 
-546 
-573 
-600 
-630 
-656 
-684 
-710 
-735 
-764 
-791 
-819 
-845 
-869 
-897 
-924 
-953 
-983 
-1004 
-1037 
-1065 
-1094 
-1122 
-1154 
-1182 
-1211 
-1242 
-1265 
-1296 
-1320 
-1343 
-1370 
-1392 
-1418 
-1436 
-1455 
-1478 
-1491 
-1509 
-1524 
-1538 
-1553 
-1565 
-1575 
-1587 
-1601 
-1611 
-1625 
-1637 
-1652 
-1664 
-1682 
-1691 
-1707 
-1724 
-1739 
-1752 
-1767 
-1781 
-1796 
-1812 
-1829 
-1842 
-1856 
-1875 
-1892 
-1911 
-1928 
-1946 
-1965 
-1988 
-2006 
-2025 
-2046 
-2060 
-2079 
-2100 
-2114 
-2126 
-2142 
-2154 
-2169 
-2177 
-2187 
-2193 
-2199 
-2202 
-2205 
-2207 
-2205 
-2202 
-2199 
-2196 
-2190 
-2186 
-2181 
-2178 
-2168 
-2162 
-2156 
-2153 
-2148 
-2139 
-2129 
-2123 
-2112 
-2103 
-2093 
-2078 
-2069 
-2051 
-2039 
-2019 
-2001 
-1980 
-1961 
-1935 
-1908 
-1881 
-1853 
-1820 
-1785 
-1749 
-1712 
-1674 
-1635 
-1599 
-1553 
-1514 
-1472 
-1431 
-1389 
-1347 
-1305 
-1266 
-1224 
-1182 
-1145 
-1100 
-1059 
-1019 
-975 
-941 
-897 
-858 
-819 
-780 
-746 
-702 
-668 
-629 
-594 
-557 
-524 
-489 
-452 
-419 
-381 
-345 
-308 
-270 
-228 
-189 
-152 
-107 
-65 
-23 
20 
63 
107 
149 
189 
233 
272 
314 
353 
390 
426 
465 
497 
537 
569 
603 
638 
666 
699 
726 
756 
782 
809 
836 
860 
882 
909 
933 
959 
983 
1002 
1031 
1056 
1083 
1104 
1133 
1160 
1187 
1212 
1236 
1266 
1292 
1319 
1346 
1373 
1400 
1428 
1451 
1481 
1508 
1535 
1560 
1589 
1614 
1641 
1668 
1692 
1725 
1749 
1775 
1800 
1830 
1854 
1881 
1911 
1934 
1959 
1982 
2006 
2025 
2048 
2069 
2088 
2105 
2120 
2138 
2148 
2160 
2169 
2177 
2183 
2189 
2190 
2192 
2192 
2190 
2192 
2186 
2183 
2177 
2171 
2165 
2156 
2145 
2136 
2124 
2114 
2100 
2084 
2072 
2055 
2037 
2022 
2001 
1988 
1967 
1947 
1929 
1910 
1887 
1868 
1848 
1823 
1802 
1778 
1755 
1731 
1712 
1688 
1667 
1641 
1622 
1598 
1578 
1556 
1536 
1517 
1496 
1478 
1457 
1442 
1421 
1403 
1386 
1365 
1346 
1323 
1302 
1280 
1257 
1235 
1209 
1181 
1160 
1128 
1104 
1076 
1046 
1022 
993 
963 
932 
903 
872 
842 
812 
779 
747 
719 
689 
656 
627 
597 
567 
537 
509 
482 
452 
429 
402 
372 
353 
327 
303 
281 
260 
234 
213 
185 
161 
135 
108 
81 
51 
23 
-12 
-38 
-72 
-105 
-132 
-165 
-194 
-230 
-264 
-297 
-335 
-366 
-410 
-444 
-480 
-519 
-560 
-597 
-636 
-675 
-714 
-752 
-792 
-834 
-873 
-915 
-951 
-996 
-1037 
-1074 
-1116 
-1152 
-1190 
-1226 
-1263 
-1299 
-1337 
-1368 
-1401 
-1433 
-1466 
-1493 
-1523 
-1553 
-1580 
-1607 
-1637 
-1662 
-1691 
-1716 
-1743 
-1773 
-1799 
-1827 
-1854 
-1883 
-1911 
-1937 
-1964 
-1991 
-2019 
-2040 
-2066 
-2087 
-2106 
-2124 
-2147 
-2165 
-2180 
-2196 
-2208 
-2223 
-2240 
-2244 
-2259 
-2265 
-2276 
-2285 
-2288 
-2294 
-2292 
-2295 
-2294 
-2289 
-2286 
-2282 
-2271 
-2262 
-2255 
-2243 
-2231 
-2220 
-2207 
-2198 
-2178 
-2165 
-2148 
-2129 
-2114 
-2097 
-2078 
-2058 
-2039 
-2016 
-1992 
-1970 
-1944 
-1920 
-1893 
-1865 
-1838 
-1805 
-1772 
-1739 
-1710 
-1673 
-1635 
-1605 
-1565 
-1530 
-1493 
-1454 
-1418 
-1379 
-1341 
-1302 
-1266 
-1223 
-1185 
-1146 
-1106 
-1068 
-1025 
-989 
-948 
-909 
-867 
-831 
-794 
-756 
-719 
-680 
-644 
-608 
-575 
-536 
-504 
-468 
-437 
-402 
-372 
-341 
-311 
-279 
-252 
-219 
-197 
-167 
-141 
-114 
-86 
-63 
-32 
-3 
21 
50 
80 
107 
137 
165 
194 
221 
249 
281 
308 
338 
365 
398 
423 
453 
485 
515 
542 
570 
605 
632 
666 
693 
722 
753 
780 
815 
846 
878 
906 
939 
969 
999 
1029 
1059 
1088 
1118 
1143 
1170 
1194 
1220 
1247 
1268 
1290 
1310 
1329 
1349 
1370 
1386 
1401 
1419 
1431 
1448 
1460 
1473 
1485 
1496 
1506 
1521 
1529 
1539 
1548 
1554 
1566 
1578 
1584 
1595 
1605 
1611 
1629 
1634 
1647 
1658 
1670 
1680 
1692 
1703 
1713 
1724 
1733 
1742 
1751 
1758 
1766 
1772 
1779 
1784 
1788 
1790 
1793 
1797 
1797 
1797 
1794 
1797 
1796 
1796 
1791 
1787 
1784 
1775 
1770 
1767 
1758 
1752 
1746 
1734 
1730 
1718 
1707 
1698 
1682 
1671 
1656 
1641 
1623 
1605 
1586 
1565 
1542 
1521 
1493 
1466 
1439 
1409 
1377 
1346 
1314 
1280 
1245 
1215 
1176 
1143 
1112 
1073 
1043 
1007 
972 
944 
911 
881 
851 
821 
794 
767 
740 
716 
692 
663 
638 
611 
587 
563 
531 
506 
476 
444 
417 
383 
356 
321 
287 
251 
222 
183 
152 
119 
84 
53 
18 
-20 
-51 
-80 
-113 
-144 
-173 
-204 
-234 
-260 
-291 
-315 
-341 
-363 
-387 
-410 
-432 
-453 
-470 
-491 
-510 
-524 
-540 
-557 
-573 
-590 
-605 
-618 
-635 
-650 
-663 
-678 
-692 
-704 
-717 
-732 
-741 
-750 
-761 
-774 
-783 
-792 
-803 
-812 
-819 
-827 
-831 
-839 
-843 
-848 
-852 
-855 
-858 
-863 
-867 
-869 
-876 
-881 
-890 
-896 
-905 
-914 
-924 
-935 
-950 
-957 
-975 
-984 
-996 
-1010 
-1022 
-1037 
-1050 
-1068 
-1079 
-1097 
-1112 
-1125 
-1142 
-1155 
-1175 
-1194 
-1211 
-1227 
-1251 
-1269 
-1290 
-1310 
-1331 
-1352 
-1376 
-1395 
-1410 
-1431 
-1449 
-1466 
-1481 
-1493 
-1505 
-1520 
-1529 
-1539 
-1551 
-1554 
-1566 
-1569 
-1578 
-1580 
-1581 
-1586 
-1581 
-1583 
-1583 
-1578 
-1572 
-1568 
-1562 
-1556 
-1547 
-1538 
-1529 
-1518 
-1505 
-1497 
-1481 
-1472 
-1458 
-1446 
-1431 
-1419 
-1403 
-1391 
-1376 
-1361 
-1346 
-1329 
-1311 
-1290 
-1272 
-1250 
-1227 
-1203 
-1175 
-1151 
-1121 
-1092 
-1061 
-1028 
-993 
-960 
-930 
-894 
-858 
-825 
-789 
-759 
-729 
-690 
-662 
-632 
-602 
-575 
-549 
-519 
-494 
-468 
-443 
-420 
-399 
-378 
-353 
-335 
-312 
-291 
-273 
-251 
-230 
-209 
-189 
-171 
-149 
-131 
-111 
-95 
-75 
-59 
-39 
-23 
-9 
9 
26 
44 
59 
78 
95 
111 
131 
152 
173 
189 
216 
237 
260 
285 
308 
338 
360 
387 
413 
440 
467 
488 
516 
540 
563 
590 
611 
633 
654 
680 
704 
726 
750 
768 
794 
815 
836 
857 
876 
902 
924 
939 
963 
983 
998 
1017 
1035 
1052 
1064 
1077 
1089 
1101 
1112 
1119 
1127 
1131 
1137 
1145 
1146 
1155 
1161 
1166 
1172 
1176 
1185 
1190 
1197 
1203 
1211 
1217 
1227 
1232 
1238 
1244 
1253 
1257 
1262 
1268 
1275 
1280 
1284 
1293 
1293 
1305 
1305 
1313 
1317 
1325 
1331 
1335 
1344 
1346 
1355 
1358 
1362 
1370 
1373 
1373 
1376 
1373 
1374 
1374 
1370 
1370 
1362 
1355 
1349 
1341 
1331 
1322 
1308 
1295 
1281 
1266 
1250 
1233 
1217 
1194 
1179 
1155 
1137 
1113 
1094 
1070 
1052 
1026 
1004 
983 
963 
941 
918 
900 
876 
863 
840 
822 
803 
783 
771 
752 
735 
719 
705 
695 
681 
669 
659 
650 
641 
630 
624 
615 
603 
597 
582 
573 
561 
548 
534 
519 
503 
491 
474 
456 
443 
423 
407 
389 
374 
354 
335 
318 
296 
275 
255 
234 
215 
192 
173 
149 
125 
102 
80 
56 
33 
11 
-17 
-38 
-62 
-87 
-111 
-138 
-161 
-186 
-215 
-240 
-264 
-296 
-326 
-350 
-381 
-410 
-440 
-468 
-501 
-530 
-560 
-594 
-623 
-656 
-687 
-716 
-752 
-777 
-807 
-839 
-864 
-893 
-915 
-945 
-971 
-993 
-1019 
-1041 
-1061 
-1080 
-1098 
-1113 
-1127 
-1140 
-1152 
-1161 
-1170 
-1175 
-1181 
-1188 
-1188 
-1190 
-1191 
-1191 
-1193 
-1188 
-1190 
-1190 
-1190 
-1193 
-1194 
-1200 
-1200 
-1205 
-1211 
-1215 
-1220 
-1224 
-1230 
-1235 
-1239 
-1242 
-1245 
-1250 
-1253 
-1254 
-1257 
-1256 
-1257 
-1260 
-1256 
-1256 
-1254 
-1251 
-1250 
-1248 
-1244 
-1238 
-1233 
-1229 
-1226 
-1215 
-1217 
-1206 
-1205 
-1199 
-1197 
-1194 
-1182 
-1179 
-1173 
-1164 
-1160 
-1149 
-1143 
-1133 
-1124 
-1116 
-1103 
-1097 
-1080 
-1073 
-1056 
-1044 
-1028 
-1013 
-995 
-978 
-960 
-945 
-926 
-909 
-887 
-869 
-849 
-830 
-812 
-794 
-779 
-759 
-738 
-723 
-708 
-693 
-672 
-660 
-644 
-627 
-611 
-594 
-581 
-561 
-543 
-528 
-510 
-491 
-473 
-449 
-428 
-404 
-387 
-366 
-342 
-324 
-297 
-275 
-254 
-233 
-212 
-186 
-170 
-147 
-123 
-102 
-81 
-57 
-38 
-14 
5 
27 
50 
69 
92 
110 
134 
149 
168 
185 
201 
218 
233 
249 
267 
279 
294 
314 
327 
345 
363 
378 
393 
411 
428 
446 
462 
479 
498 
515 
533 
549 
567 
585 
602 
621 
639 
659 
680 
699 
717 
743 
767 
788 
812 
839 
864 
887 
915 
947 
972 
1002 
1031 
1058 
1088 
1113 
1143 
1172 
1193 
1218 
1239 
1260 
1281 
1296 
1316 
1325 
1337 
1346 
1353 
1362 
1368 
1373 
1377 
1380 
1385 
1389 
1388 
1391 
1395 
1394 
1400 
1398 
1398 
1398 
1401 
1397 
1395 
1392 
1389 
1382 
1376 
1367 
1356 
1347 
1335 
1323 
1313 
1301 
1286 
1274 
1259 
1245 
1232 
1217 
1206 
1193 
1175 
1163 
1146 
1131 
1116 
1097 
1080 
1064 
1044 
1026 
1004 
986 
968 
950 
926 
911 
888 
866 
849 
828 
809 
789 
767 
744 
722 
702 
680 
656 
635 
617 
591 
570 
546 
525 
504 
482 
465 
443 
423 
401 
381 
363 
345 
330 
312 
297 
287 
272 
261 
251 
239 
230 
219 
209 
201 
188 
180 
167 
156 
146 
129 
119 
101 
86 
63 
48 
26 
6 
-21 
-41 
-62 
-92 
-113 
-141 
-168 
-191 
-219 
-249 
-273 
-308 
-332 
-360 
-389 
-416 
-441 
-470 
-495 
-518 
-545 
-569 
-593 
-612 
-635 
-656 
-675 
-693 
-713 
-728 
-743 
-758 
-770 
-783 
-794 
-806 
-815 
-828 
-836 
-845 
-861 
-866 
-884 
-891 
-903 
-912 
-927 
-938 
-956 
-960 
-977 
-993 
-1010 
-1019 
-1037 
-1049 
-1061 
-1076 
-1086 
-1100 
-1115 
-1125 
-1139 
-1148 
-1158 
-1167 
-1179 
-1184 
-1193 
-1199 
-1205 
-1209 
-1214 
-1217 
-1223 
-1224 
-1226 
-1229 
-1232 
-1230 
-1232 
-1233 
-1232 
-1236 
-1229 
-1230 
-1224 
-1223 
-1221 
-1212 
-1211 
-1203 
-1196 
-1190 
-1185 
-1178 
-1167 
-1160 
-1152 
-1145 
-1133 
-1127 
-1118 
-1107 
-1101 
-1091 
-1080 
-1073 
-1061 
-1056 
-1047 
-1038 
-1031 
-1022 
-1013 
-1005 
-995 
-984 
-975 
-972 
-957 
-945 
-939 
-924 
-915 
-900 
-890 
-876 
-864 
-849 
-839 
-822 
-813 
-795 
-779 
-764 
-744 
-726 
-707 
-689 
-668 
-644 
-621 
-600 
-572 
-552 
-525 
-503 
-476 
-455 
-431 
-407 
-384 
-360 
-335 
-315 
-291 
-270 
-242 
-224 
-204 
-177 
-156 
-135 
-111 
-89 
-66 
-45 
-26 
0 
23 
42 
65 
81 
99 
120 
137 
155 
173 
191 
209 
225 
243 
260 
276 
293 
308 
327 
342 
354 
371 
383 
399 
411 
425 
438 
450 
462 
473 
483 
501 
506 
524 
530 
542 
555 
566 
579 
587 
599 
611 
623 
636 
650 
663 
677 
690 
707 
720 
738 
755 
768 
789 
806 
824 
840 
855 
873 
888 
905 
923 
935 
950 
966 
981 
995 
1011 
1026 
1043 
1059 
1073 
1086 
1100 
1113 
1125 
1137 
1145 
1160 
1169 
1175 
1185 
1191 
1196 
1203 
1208 
1211 
1218 
1217 
1220 
1220 
1221 
1218 
1218 
1217 
1211 
1209 
1200 
1194 
1190 
1182 
1176 
1169 
1160 
1157 
1145 
1137 
1130 
1119 
1113 
1100 
1089 
1079 
1065 
1056 
1043 
1032 
1017 
1007 
993 
981 
971 
960 
948 
942 
933 
923 
917 
908 
900 
893 
885 
879 
870 
863 
852 
846 
834 
828 
818 
807 
798 
788 
776 
768 
756 
746 
738 
726 
720 
711 
701 
692 
680 
672 
657 
648 
635 
623 
609 
594 
579 
563 
549 
531 
516 
497 
479 
459 
438 
420 
398 
375 
347 
324 
297 
267 
243 
215 
182 
158 
123 
96 
63 
30 
2 
-29 
-65 
-93 
-120 
-158 
-182 
-213 
-239 
-267 
-291 
-315 
-341 
-365 
-386 
-405 
-429 
-447 
-471 
-486 
-509 
-524 
-537 
-555 
-570 
-582 
-594 
-608 
-620 
-633 
-645 
-653 
-666 
-677 
-690 
-702 
-714 
-729 
-743 
-758 
-768 
-786 
-798 
-812 
-827 
-836 
-854 
-864 
-878 
-890 
-900 
-915 
-923 
-936 
-947 
-959 
-968 
-972 
-986 
-996 
-1010 
-1010 
-1020 
-1023 
-1031 
-1041 
-1046 
-1053 
-1056 
-1061 
-1064 
-1070 
-1070 
-1073 
-1076 
-1071 
-1074 
-1073 
-1071 
-1067 
-1068 
-1067 
-1062 
-1061 
-1053 
-1047 
-1041 
-1037 
-1026 
-1020 
-1011 
-1008 
-995 
-984 
-977 
-969 
-966 
-953 
-950 
-942 
-935 
-929 
-917 
-915 
-903 
-900 
-890 
-884 
-876 
-870 
-863 
-857 
-851 
-843 
-836 
-827 
-825 
-813 
-810 
-801 
-797 
-791 
-785 
-777 
-770 
-761 
-753 
-746 
-737 
-728 
-719 
-711 
-698 
-690 
-677 
-666 
-659 
-647 
-636 
-623 
-611 
-600 
-590 
-572 
-564 
-543 
-533 
-521 
-501 
-491 
-473 
-461 
-446 
-432 
-420 
-405 
-395 
-378 
-369 
-356 
-342 
-329 
-318 
-303 
-290 
-278 
-263 
-248 
-234 
-218 
-200 
-186 
-168 
-153 
-132 
-117 
-96 
-78 
-65 
-39 
-23 
-2 
15 
35 
51 
69 
87 
107 
122 
138 
158 
171 
189 
201 
222 
231 
248 
264 
279 
291 
305 
321 
329 
347 
357 
365 
375 
386 
395 
404 
413 
420 
429 
440 
446 
459 
468 
479 
492 
501 
515 
528 
539 
551 
566 
573 
590 
599 
612 
621 
633 
647 
657 
672 
680 
692 
702 
711 
720 
729 
740 
747 
753 
761 
768 
779 
786 
798 
801 
812 
821 
830 
842 
848 
858 
870 
876 
888 
899 
905 
915 
924 
935 
941 
947 
951 
957 
962 
969 
972 
975 
978 
981 
984 
983 
989 
989 
996 
999 
1001 
1004 
1008 
1011 
1016 
1022 
1023 
1025 
1028 
1028 
1026 
1028 
1028 
1028 
1023 
1023 
1019 
1016 
1011 
1007 
1001 
999 
987 
983 
975 
966 
956 
945 
936 
923 
911 
894 
884 
864 
849 
831 
813 
794 
770 
750 
725 
702 
672 
647 
618 
591 
560 
531 
504 
471 
441 
407 
380 
345 
315 
285 
252 
228 
197 
170 
144 
117 
90 
68 
42 
15 
-6 
-30 
-53 
-74 
-96 
-117 
-137 
-161 
-177 
-200 
-218 
-237 
-258 
-276 
-300 
-314 
-335 
-350 
-371 
-386 
-399 
-417 
-434 
-452 
-461 
-479 
-492 
-507 
-519 
-536 
-549 
-557 
-573 
-582 
-594 
-605 
-614 
-624 
-633 
-641 
-651 
-656 
-666 
-671 
-681 
-684 
-690 
-696 
-696 
-702 
-708 
-705 
-711 
-711 
-710 
-714 
-714 
-713 
-716 
-713 
-714 
-714 
-717 
-717 
-714 
-716 
-714 
-717 
-714 
-713 
-710 
-711 
-708 
-708 
-708 
-704 
-708 
-705 
-702 
-701 
-701 
-699 
-699 
-701 
-698 
-701 
-698 
-698 
-699 
-698 
-699 
-698 
-699 
-704 
-702 
-707 
-710 
-713 
-717 
-720 
-726 
-726 
-731 
-734 
-735 
-735 
-738 
-738 
-740 
-737 
-740 
-740 
-737 
-737 
-734 
-734 
-731 
-732 
-729 
-725 
-723 
-719 
-711 
-708 
-707 
-698 
-689 
-684 
-677 
-671 
-662 
-651 
-644 
-638 
-629 
-615 
-609 
-597 
-584 
-572 
-561 
-548 
-528 
-521 
-504 
-489 
-473 
-459 
-446 
-429 
-410 
-396 
-377 
-360 
-347 
-327 
-312 
-296 
-279 
-261 
-245 
-225 
-212 
-192 
-180 
-162 
-144 
-131 
-114 
-102 
-83 
-68 
-54 
-38 
-24 
-6 
9 
21 
41 
48 
65 
83 
92 
108 
119 
132 
143 
156 
167 
174 
186 
192 
206 
212 
218 
230 
237 
245 
251 
261 
269 
273 
282 
293 
297 
303 
311 
318 
326 
332 
341 
351 
353 
363 
371 
378 
383 
393 
404 
407 
419 
425 
437 
444 
455 
464 
473 
479 
488 
500 
506 
515 
519 
531 
540 
546 
555 
566 
575 
584 
591 
596 
603 
609 
615 
621 
623 
633 
630 
636 
641 
644 
645 
650 
653 
654 
662 
663 
668 
669 
674 
675 
681 
684 
687 
693 
696 
705 
705 
713 
717 
722 
726 
729 
735 
740 
741 
746 
750 
750 
758 
761 
761 
767 
770 
768 
776 
779 
782 
789 
789 
800 
797 
806 
807 
810 
812 
813 
818 
815 
816 
813 
812 
807 
804 
798 
792 
783 
773 
762 
746 
737 
719 
702 
686 
668 
650 
635 
614 
591 
573 
549 
531 
506 
483 
462 
438 
416 
393 
372 
351 
330 
309 
288 
270 
255 
233 
221 
201 
186 
170 
153 
138 
126 
111 
96 
83 
68 
62 
44 
35 
21 
11 
-3 
-14 
-27 
-33 
-45 
-59 
-65 
-81 
-89 
-99 
-116 
-123 
-135 
-147 
-158 
-167 
-182 
-192 
-203 
-215 
-225 
-239 
-251 
-264 
-275 
-287 
-299 
-312 
-326 
-338 
-351 
-366 
-378 
-390 
-402 
-416 
-428 
-438 
-452 
-464 
-474 
-488 
-500 
-510 
-525 
-536 
-548 
-558 
-567 
-581 
-588 
-599 
-608 
-618 
-626 
-633 
-641 
-647 
-650 
-657 
-666 
-668 
-672 
-675 
-683 
-684 
-690 
-695 
-698 
-701 
-704 
-708 
-710 
-710 
-713 
-713 
-714 
-714 
-714 
-717 
-713 
-716 
-713 
-713 
-711 
-711 
-707 
-707 
-701 
-699 
-696 
-693 
-692 
-689 
-684 
-680 
-677 
-669 
-669 
-660 
-660 
-651 
-645 
-644 
-635 
-633 
-627 
-621 
-615 
-614 
-606 
-602 
-599 
-596 
-590 
-590 
-585 
-582 
-582 
-575 
-575 
-575 
-566 
-569 
-567 
-566 
-563 
-560 
-560 
-555 
-554 
-552 
-549 
-548 
-539 
-534 
-531 
-531 
-522 
-516 
-515 
-506 
-506 
-497 
-489 
-488 
-482 
-474 
-468 
-458 
-455 
-446 
-438 
-431 
-420 
-411 
-399 
-392 
-384 
-369 
-360 
-350 
-338 
-326 
-312 
-302 
-290 
-278 
-261 
-251 
-237 
-222 
-213 
-198 
-186 
-173 
-159 
-146 
-132 
-122 
-110 
-95 
-83 
-69 
-56 
-42 
-29 
-14 
-2 
15 
29 
42 
57 
75 
86 
108 
119 
138 
150 
168 
185 
197 
216 
227 
243 
258 
270 
285 
296 
311 
321 
333 
344 
353 
365 
372 
384 
389 
399 
411 
417 
426 
431 
440 
450 
456 
465 
473 
482 
488 
497 
506 
510 
521 
528 
536 
546 
554 
564 
570 
579 
587 
596 
599 
608 
614 
623 
627 
632 
635 
638 
642 
645 
651 
648 
656 
656 
656 
659 
659 
663 
660 
663 
663 
662 
662 
665 
665 
668 
668 
668 
672 
674 
675 
683 
687 
692 
698 
704 
711 
719 
728 
735 
744 
752 
759 
768 
779 
788 
801 
806 
819 
827 
833 
843 
849 
858 
860 
869 
870 
876 
878 
876 
875 
872 
867 
860 
852 
842 
828 
818 
804 
786 
773 
753 
738 
719 
701 
678 
660 
641 
620 
596 
576 
554 
530 
509 
486 
464 
440 
420 
401 
375 
357 
335 
314 
290 
273 
255 
237 
213 
197 
177 
159 
141 
122 
104 
84 
71 
50 
36 
15 
0 
-20 
-32 
-48 
-63 
-78 
-90 
-107 
-120 
-131 
-149 
-159 
-173 
-185 
-197 
-209 
-221 
-236 
-246 
-258 
-270 
-282 
-293 
-305 
-314 
-327 
-336 
-347 
-353 
-365 
-374 
-375 
-387 
-392 
-398 
-410 
-411 
-420 
-426 
-437 
-440 
-447 
-452 
-462 
-467 
-473 
-479 
-488 
-497 
-504 
-509 
-521 
-527 
-528 
-542 
-545 
-549 
-554 
-555 
-563 
-561 
-564 
-563 
-564 
-566 
-563 
-560 
-561 
-558 
-555 
-554 
-549 
-548 
-540 
-539 
-531 
-527 
-521 
-515 
-509 
-504 
-495 
-491 
-485 
-477 
-473 
-468 
-461 
-455 
-447 
-441 
-438 
-431 
-426 
-420 
-416 
-411 
-407 
-405 
-401 
-399 
-395 
-395 
-390 
-389 
-389 
-384 
-384 
-383 
-381 
-377 
-374 
-372 
-368 
-366 
-363 
-362 
-360 
-354 
-357 
-353 
-351 
-353 
-350 
-354 
-354 
-353 
-359 
-356 
-356 
-357 
-360 
-362 
-365 
-368 
-368 
-371 
-375 
-378 
-387 
-387 
-392 
-399 
-399 
-405 
-408 
-416 
-417 
-419 
-423 
-425 
-428 
-432 
-432 
-434 
-440 
-437 
-440 
-440 
-441 
-440 
-441 
-437 
-435 
-437 
-429 
-432 
-423 
-420 
-416 
-411 
-404 
-401 
-390 
-387 
-380 
-371 
-363 
-354 
-347 
-338 
-329 
-318 
-312 
-297 
-287 
-278 
-263 
-252 
-242 
-230 
-215 
-206 
-188 
-177 
-161 
-144 
-134 
-116 
-102 
-86 
-71 
-57 
-41 
-29 
-15 
-3 
11 
21 
32 
48 
54 
69 
77 
89 
98 
108 
117 
123 
138 
146 
156 
168 
177 
188 
197 
209 
218 
227 
239 
245 
257 
264 
275 
284 
291 
302 
311 
318 
330 
338 
345 
354 
360 
371 
378 
389 
395 
402 
410 
416 
425 
431 
440 
449 
455 
465 
470 
479 
488 
494 
501 
510 
516 
524 
531 
540 
546 
554 
560 
563 
575 
578 
584 
588 
593 
596 
603 
605 
608 
612 
612 
617 
617 
618 
623 
620 
621 
621 
623 
623 
621 
621 
620 
621 
617 
617 
609 
609 
599 
596 
593 
584 
578 
572 
566 
557 
551 
545 
537 
531 
522 
516 
509 
501 
495 
485 
480 
470 
468 
459 
449 
443 
435 
429 
420 
416 
407 
404 
398 
390 
383 
377 
374 
366 
363 
353 
350 
344 
338 
329 
323 
317 
309 
303 
297 
287 
282 
273 
266 
258 
254 
246 
239 
234 
231 
225 
222 
215 
207 
201 
192 
188 
180 
171 
161 
152 
141 
129 
117 
107 
93 
81 
71 
54 
42 
27 
15 
2 
-14 
-24 
-38 
-51 
-65 
-75 
-92 
-101 
-114 
-128 
-140 
-150 
-161 
-174 
-183 
-197 
-204 
-215 
-225 
-234 
-239 
-246 
-257 
-263 
-270 
-278 
-284 
-287 
-294 
-302 
-305 
-312 
-317 
-321 
-330 
-333 
-341 
-348 
-351 
-356 
-363 
-368 
-369 
-378 
-381 
-389 
-390 
-398 
-402 
-407 
-410 
-411 
-420 
-425 
-425 
-428 
-431 
-435 
-435 
-437 
-438 
-440 
-440 
-441 
-441 
-446 
-444 
-443 
-449 
-452 
-455 
-458 
-462 
-467 
-470 
-476 
-483 
-489 
-494 
-498 
-503 
-512 
-515 
-522 
-525 
-534 
-537 
-542 
-549 
-551 
-555 
-560 
-561 
-561 
-566 
-567 
-569 
-567 
-566 
-567 
-567 
-564 
-564 
-561 
-557 
-557 
-551 
-549 
-546 
-540 
-539 
-533 
-527 
-522 
-515 
-515 
-507 
-500 
-494 
-491 
-485 
-477 
-473 
-465 
-461 
-453 
-447 
-443 
-437 
-429 
-423 
-419 
-411 
-405 
-399 
-393 
-381 
-378 
-369 
-359 
-354 
-347 
-335 
-330 
-318 
-311 
-303 
-296 
-287 
-278 
-270 
-261 
-252 
-245 
-234 
-225 
-213 
-206 
-197 
-186 
-177 
-165 
-153 
-147 
-135 
-126 
-117 
-107 
-96 
-84 
-75 
-66 
-57 
-44 
-35 
-21 
-12 
3 
15 
27 
41 
53 
69 
83 
95 
114 
125 
137 
153 
167 
179 
192 
206 
219 
230 
240 
257 
267 
281 
288 
299 
314 
326 
339 
350 
368 
380 
395 
407 
420 
437 
452 
467 
479 
492 
507 
524 
536 
549 
561 
575 
588 
597 
609 
618 
632 
639 
651 
659 
663 
671 
680 
686 
690 
693 
698 
699 
707 
708 
708 
711 
710 
711 
708 
704 
701 
695 
695 
686 
683 
674 
665 
660 
651 
647 
635 
627 
617 
609 
603 
590 
585 
573 
563 
554 
545 
534 
524 
516 
504 
495 
488 
476 
470 
461 
453 
446 
441 
431 
422 
422 
410 
408 
401 
393 
389 
384 
377 
371 
365 
357 
351 
344 
338 
330 
321 
315 
309 
299 
294 
288 
279 
276 
269 
263 
258 
249 
245 
237 
228 
222 
212 
207 
198 
191 
182 
173 
165 
156 
149 
140 
132 
125 
119 
108 
101 
92 
86 
75 
68 
60 
53 
41 
38 
30 
21 
12 
6 
-3 
-14 
-20 
-29 
-35 
-44 
-50 
-62 
-68 
-77 
-87 
-95 
-105 
-114 
-123 
-135 
-144 
-150 
-165 
-171 
-185 
-192 
-210 
-221 
-237 
-246 
-261 
-276 
-284 
-302 
-312 
-327 
-339 
-353 
-365 
-377 
-387 
-399 
-408 
-419 
-429 
-435 
-444 
-452 
-458 
-462 
-468 
-471 
-473 
-477 
-482 
-479 
-482 
-479 
-479 
-477 
-477 
-474 
-473 
-468 
-470 
-465 
-462 
-461 
-455 
-455 
-452 
-453 
-446 
-447 
-444 
-443 
-438 
-437 
-438 
-435 
-434 
-432 
-426 
-423 
-423 
-420 
-417 
-414 
-408 
-402 
-401 
-398 
-395 
-390 
-386 
-381 
-378 
-375 
-374 
-369 
-366 
-366 
-363 
-362 
-357 
-357 
-357 
-353 
-353 
-353 
-353 
-351 
-351 
-348 
-350 
-351 
-350 
-351 
-348 
-348 
-348 
-348 
-351 
-348 
-348 
-348 
-351 
-347 
-348 
-348 
-350 
-351 
-347 
-353 
-351 
-353 
-351 
-353 
-354 
-353 
-356 
-354 
-354 
-350 
-351 
-350 
-345 
-345 
-339 
-338 
-333 
-330 
-323 
-318 
-314 
-303 
-300 
-290 
-282 
-272 
-261 
-251 
-240 
-230 
-216 
-210 
-197 
-186 
-176 
-164 
-152 
-143 
-131 
-119 
-110 
-98 
-89 
-77 
-68 
-57 
-48 
-38 
-29 
-21 
-12 
-8 
2 
12 
21 
32 
38 
44 
56 
60 
68 
78 
86 
92 
102 
111 
120 
123 
132 
138 
147 
155 
159 
167 
176 
179 
186 
192 
201 
207 
215 
224 
228 
236 
245 
251 
257 
263 
269 
279 
285 
290 
296 
306 
311 
318 
323 
333 
342 
344 
353 
360 
365 
371 
381 
384 
393 
392 
402 
405 
405 
413 
413 
417 
419 
419 
419 
420 
419 
419 
414 
413 
413 
411 
405 
402 
402 
399 
399 
392 
393 
390 
389 
389 
387 
392 
389 
390 
393 
390 
396 
396 
395 
398 
399 
399 
402 
405 
407 
410 
408 
413 
416 
417 
416 
425 
423 
429 
432 
435 
438 
441 
441 
443 
441 
441 
444 
441 
444 
438 
438 
432 
432 
429 
423 
419 
416 
414 
405 
405 
399 
392 
389 
384 
380 
375 
363 
362 
354 
347 
339 
333 
326 
315 
306 
297 
290 
281 
272 
263 
257 
246 
242 
228 
222 
213 
203 
195 
185 
176 
162 
150 
143 
129 
117 
105 
92 
81 
63 
53 
42 
26 
15 
-2 
-11 
-27 
-39 
-54 
-66 
-78 
-92 
-102 
-116 
-126 
-137 
-149 
-156 
-165 
-173 
-182 
-189 
-198 
-209 
-209 
-218 
-225 
-227 
-236 
-239 
-245 
-248 
-252 
-260 
-258 
-263 
-269 
-272 
-272 
-276 
-279 
-279 
-281 
-281 
-287 
-282 
-287 
-287 
-285 
-290 
-288 
-294 
-294 
-294 
-299 
-297 
-302 
-299 
-305 
-303 
-308 
-308 
-308 
-312 
-306 
-314 
-311 
-314 
-309 
-309 
-311 
-308 
-308 
-306 
-308 
-306 
-303 
-300 
-300 
-297 
-299 
-297 
-297 
-296 
-294 
-296 
-296 
-296 
-294 
-297 
-302 
-303 
-305 
-308 
-311 
-317 
-320 
-324 
-324 
-329 
-330 
-339 
-339 
-342 
-348 
-348 
-353 
-354 
-356 
-357 
-359 
-360 
-362 
-363 
-363 
-366 
-366 
-368 
-368 
-369 
-374 
-372 
-372 
-374 
-372 
-374 
-372 
-377 
-372 
-374 
-374 
-372 
-374 
-375 
-371 
-369 
-368 
-366 
-368 
-362 
-359 
-360 
-353 
-351 
-345 
-344 
-339 
-330 
-324 
-321 
-315 
-308 
-300 
-291 
-285 
-278 
-273 
-263 
-255 
-248 
-237 
-227 
-222 
-215 
-201 
-195 
-183 
-174 
-162 
-153 
-147 
-135 
-129 
-116 
-111 
-102 
-92 
-87 
-77 
-69 
-62 
-54 
-45 
-39 
-32 
-26 
-15 
-14 
-2 
3 
14 
18 
27 
36 
42 
50 
59 
65 
72 
84 
89 
99 
107 
116 
125 
131 
141 
146 
155 
165 
168 
182 
189 
195 
203 
209 
218 
224 
231 
239 
245 
249 
258 
263 
269 
272 
278 
281 
285 
287 
290 
296 
294 
297 
297 
300 
303 
303 
303 
306 
306 
308 
308 
308 
311 
308 
312 
311 
312 
314 
317 
318 
318 
321 
321 
326 
329 
330 
333 
338 
341 
344 
348 
348 
350 
356 
357 
362 
360 
368 
371 
374 
371 
377 
383 
380 
389 
384 
389 
392 
393 
395 
396 
401 
399 
401 
404 
401 
399 
401 
402 
402 
401 
404 
401 
405 
401 
398 
398 
393 
398 
389 
390 
386 
380 
378 
372 
369 
360 
359 
353 
348 
342 
336 
330 
326 
318 
309 
305 
294 
293 
284 
279 
273 
272 
263 
260 
252 
248 
245 
237 
236 
231 
227 
224 
221 
216 
212 
206 
206 
201 
195 
194 
186 
185 
182 
176 
171 
165 
165 
159 
156 
150 
150 
147 
138 
134 
131 
122 
116 
110 
102 
93 
84 
72 
66 
54 
41 
30 
18 
5 
-5 
-18 
-32 
-44 
-57 
-69 
-81 
-95 
-104 
-117 
-128 
-140 
-150 
-161 
-170 
-180 
-191 
-200 
-207 
-216 
-228 
-236 
-246 
-254 
-261 
-270 
-278 
-285 
-297 
-305 
-309 
-323 
-330 
-338 
-348 
-357 
-365 
-372 
-381 
-387 
-398 
-401 
-410 
-416 
-422 
-426 
-434 
-437 
-438 
-444 
-444 
-449 
-449 
-450 
-449 
-452 
-447 
-449 
-446 
-443 
-441 
-437 
-434 
-431 
-426 
-423 
-419 
-414 
-410 
-408 
-401 
-398 
-390 
-384 
-381 
-371 
-368 
-359 
-354 
-344 
-338 
-329 
-317 
-317 
-299 
-291 
-285 
-272 
-266 
-255 
-243 
-237 
-228 
-218 
-212 
-201 
-194 
-191 
-183 
-177 
-174 
-165 
-165 
-159 
-155 
-155 
-153 
-153 
-149 
-149 
-149 
-149 
-149 
-149 
-152 
-153 
-153 
-156 
-155 
-156 
-158 
-159 
-164 
-165 
-168 
-168 
-171 
-173 
-173 
-179 
-179 
-179 
-183 
-182 
-183 
-185 
-182 
-183 
-182 
-179 
-182 
-177 
-179 
-177 
-176 
-170 
-174 
-168 
-168 
-165 
-162 
-158 
-155 
-152 
-144 
-149 
-141 
-135 
-135 
-129 
-125 
-120 
-116 
-113 
-108 
-101 
-96 
-86 
-83 
-72 
-69 
-60 
-53 
-47 
-33 
-27 
-17 
-14 
-3 
11 
17 
27 
36 
47 
54 
63 
74 
84 
93 
99 
114 
122 
129 
140 
149 
161 
170 
174 
182 
191 
200 
206 
215 
221 
227 
236 
242 
248 
254 
261 
266 
269 
273 
278 
278 
285 
285 
285 
290 
290 
290 
293 
294 
291 
294 
288 
293 
288 
290 
285 
287 
285 
282 
282 
279 
281 
279 
276 
276 
275 
275 
275 
269 
267 
264 
263 
260 
261 
260 
254 
254 
252 
248 
248 
243 
240 
239 
236 
236 
233 
228 
231 
225 
222 
221 
221 
213 
216 
210 
207 
209 
200 
203 
197 
195 
191 
189 
188 
180 
182 
180 
176 
173 
171 
167 
161 
165 
158 
159 
155 
156 
150 
150 
150 
144 
146 
144 
146 
144 
143 
143 
144 
141 
143 
143 
141 
146 
144 
149 
144 
147 
147 
149 
146 
149 
153 
147 
152 
152 
152 
155 
150 
149 
147 
149 
147 
147 
141 
138 
138 
132 
132 
125 
122 
117 
113 
105 
104 
98 
93 
90 
80 
78 
69 
68 
60 
53 
48 
38 
36 
29 
23 
17 
9 
8 
-3 
-9 
-15 
-20 
-27 
-36 
-41 
-45 
-50 
-57 
-63 
-71 
-77 
-81 
-90 
-93 
-101 
-110 
-113 
-120 
-129 
-134 
-140 
-146 
-153 
-161 
-165 
-170 
-174 
-182 
-183 
-189 
-194 
-195 
-200 
-201 
-204 
-207 
-210 
-212 
-216 
-216 
-219 
-222 
-224 
-225 
-227 
-228 
-231 
-234 
-237 
-237 
-242 
-243 
-246 
-249 
-251 
-249 
-255 
-255 
-255 
-258 
-258 
-264 
-261 
-267 
-269 
-269 
-273 
-273 
-273 
-276 
-278 
-278 
-279 
-282 
-281 
-287 
-281 
-285 
-279 
-278 
-281 
-276 
-278 
-276 
-278 
-276 
-273 
-272 
-273 
-270 
-270 
-269 
-269 
-269 
-269 
-266 
-261 
-266 
-260 
-263 
-263 
-260 
-260 
-257 
-257 
-252 
-255 
-249 
-249 
-246 
-243 
-239 
-234 
-230 
-227 
-224 
-221 
-213 
-209 
-207 
-198 
-194 
-194 
-186 
-182 
-179 
-171 
-170 
-165 
-159 
-153 
-155 
-147 
-143 
-140 
-135 
-131 
-129 
-126 
-120 
-117 
-113 
-110 
-104 
-101 
-95 
-90 
-86 
-80 
-77 
-71 
-68 
-63 
-60 
-54 
-48 
-45 
-36 
-33 
-29 
-23 
-18 
-17 
-6 
-3 
0 
8 
12 
17 
20 
24 
29 
33 
35 
41 
45 
48 
54 
53 
57 
59 
63 
66 
68 
74 
78 
80 
86 
89 
86 
99 
99 
102 
110 
113 
117 
125 
129 
132 
138 
143 
146 
153 
156 
161 
165 
167 
173 
176 
179 
180 
186 
186 
191 
191 
197 
203 
200 
207 
207 
213 
219 
221 
230 
231 
242 
243 
248 
257 
263 
270 
276 
281 
288 
294 
300 
308 
311 
320 
323 
327 
332 
335 
341 
342 
344 
348 
348 
351 
354 
354 
356 
353 
354 
354 
353 
350 
351 
345 
348 
347 
344 
344 
342 
338 
342 
336 
336 
336 
332 
333 
327 
327 
321 
323 
317 
312 
311 
306 
300 
297 
290 
285 
282 
276 
270 
264 
263 
251 
249 
243 
234 
231 
221 
221 
209 
206 
200 
189 
185 
179 
171 
168 
156 
156 
149 
140 
135 
129 
123 
119 
114 
111 
105 
99 
95 
92 
90 
83 
80 
75 
72 
65 
65 
59 
56 
50 
48 
42 
35 
35 
30 
23 
20 
14 
9 
6 
-3 
-6 
-9 
-17 
-20 
-27 
-30 
-36 
-41 
-45 
-53 
-56 
-60 
-66 
-69 
-78 
-80 
-87 
-92 
-95 
-98 
-102 
-108 
-111 
-114 
-117 
-126 
-131 
-131 
-135 
-140 
-143 
-146 
-153 
-155 
-156 
-161 
-162 
-164 
-165 
-168 
-170 
-173 
-174 
-176 
-179 
-177 
-182 
-185 
-183 
-188 
-186 
-194 
-191 
-195 
-195 
-201 
-204 
-206 
-212 
-215 
-219 
-222 
-227 
-234 
-239 
-243 
-243 
-251 
-255 
-261 
-264 
-270 
-278 
-281 
-287 
-290 
-297 
-297 
-303 
-303 
-311 
-314 
-315 
-321 
-321 
-323 
-326 
-326 
-326 
-327 
-329 
-329 
-329 
-329 
-329 
-330 
-329 
-327 
-330 
-329 
-327 
-330 
-324 
-323 
-321 
-318 
-315 
-314 
-308 
-305 
-300 
-293 
-288 
-282 
-276 
-270 
-266 
-257 
-252 
-243 
-240 
-231 
-225 
-216 
-212 
-204 
-198 
-192 
-183 
-180 
-176 
-171 
-164 
-158 
-155 
-152 
-146 
-141 
-137 
-135 
-131 
-131 
-129 
-125 
-125 
-123 
-123 
-119 
-119 
-117 
-114 
-114 
-116 
-111 
-110 
-107 
-107 
-104 
-105 
-99 
-99 
-98 
-93 
-90 
-90 
-86 
-83 
-81 
-78 
-74 
-68 
-65 
-65 
-56 
-51 
-48 
-44 
-38 
-33 
-29 
-29 
-21 
-21 
-17 
-11 
-8 
-3 
-5 
0 
3 
8 
11 
17 
18 
23 
24 
29 
33 
33 
41 
44 
47 
48 
56 
59 
63 
63 
69 
75 
78 
81 
87 
92 
96 
102 
107 
110 
119 
122 
128 
132 
137 
141 
146 
153 
155 
156 
162 
165 
171 
170 
176 
179 
183 
188 
192 
195 
201 
204 
209 
215 
218 
224 
231 
234 
242 
245 
245 
255 
257 
263 
266 
269 
273 
275 
281 
282 
282 
287 
293 
294 
294 
297 
305 
302 
303 
306 
306 
305 
309 
308 
305 
309 
303 
303 
302 
294 
296 
291 
291 
285 
281 
279 
279 
269 
270 
263 
260 
257 
252 
249 
242 
246 
234 
237 
228 
227 
224 
219 
219 
213 
210 
204 
206 
201 
198 
192 
191 
185 
180 
177 
174 
170 
162 
164 
155 
150 
147 
141 
140 
135 
134 
128 
125 
117 
116 
111 
105 
102 
92 
92 
84 
80 
77 
68 
66 
59 
54 
50 
47 
42 
38 
35 
30 
27 
24 
21 
17 
17 
12 
12 
6 
8 
6 
2 
0 
0 
-3 
-3 
-5 
-9 
-8 
-12 
-9 
-15 
-18 
-18 
-20 
-24 
-26 
-29 
-30 
-32 
-32 
-30 
-35 
-32 
-32 
-35 
-35 
-30 
-33 
-27 
-27 
-30 
-26 
-27 
-21 
-21 
-24 
-20 
-20 
-23 
-20 
-24 
-26 
-29 
-32 
-32 
-38 
-39 
-44 
-50 
-53 
-57 
-65 
-68 
-77 
-84 
-90 
-95 
-104 
-113 
-117 
-128 
-135 
-143 
-150 
-158 
-168 
-176 
-185 
-192 
-198 
-206 
-210 
-221 
-225 
-231 
-240 
-245 
-249 
-255 
-260 
-266 
-270 
-275 
-281 
-284 
-290 
-296 
-300 
-302 
-308 
-309 
-315 
-318 
-320 
-324 
-326 
-327 
-329 
-332 
-335 
-332 
-335 
-333 
-333 
-330 
-332 
-330 
-327 
-323 
-318 
-320 
-312 
-312 
-309 
-303 
-302 
-299 
-294 
-293 
-284 
-284 
-278 
-273 
-270 
-266 
-264 
-257 
-255 
-252 
-246 
-242 
-239 
-233 
-231 
-228 
-222 
-216 
-213 
-210 
-203 
-200 
-195 
-191 
-185 
-180 
-176 
-171 
-165 
-162 
-156 
-149 
-144 
-140 
-131 
-131 
-123 
-116 
-111 
-104 
-101 
-93 
-87 
-86 
-77 
-72 
-66 
-59 
-53 
-48 
-44 
-36 
-29 
-27 
-20 
-15 
-11 
-8 
0 
5 
6 
12 
15 
21 
24 
27 
32 
36 
41 
42 
47 
50 
54 
54 
59 
63 
66 
68 
72 
75 
78 
80 
86 
90 
93 
98 
104 
108 
113 
120 
125 
129 
134 
140 
147 
153 
159 
167 
173 
177 
185 
192 
200 
207 
216 
222 
231 
239 
245 
257 
263 
269 
281 
284 
293 
302 
306 
312 
318 
327 
332 
336 
344 
348 
351 
354 
357 
366 
365 
368 
369 
371 
372 
371 
372 
374 
374 
369 
368 
365 
363 
359 
356 
350 
348 
341 
332 
329 
318 
317 
309 
300 
296 
290 
287 
276 
275 
264 
260 
254 
245 
239 
234 
227 
219 
213 
204 
197 
191 
186 
177 
173 
167 
159 
153 
144 
143 
135 
129 
129 
117 
119 
114 
108 
105 
104 
98 
92 
92 
89 
86 
81 
81 
72 
72 
69 
63 
60 
56 
54 
50 
45 
42 
39 
36 
32 
26 
23 
20 
17 
14 
9 
9 
3 
2 
-2 
-6 
-8 
-12 
-12 
-15 
-17 
-21 
-21 
-23 
-27 
-27 
-29 
-29 
-33 
-30 
-33 
-38 
-35 
-33 
-39 
-38 
-41 
-41 
-42 
-44 
-47 
-48 
-50 
-54 
-54 
-57 
-59 
-62 
-66 
-69 
-71 
-75 
-75 
-81 
-81 
-89 
-90 
-95 
-99 
-105 
-108 
-111 
-113 
-120 
-123 
-126 
-128 
-131 
-137 
-137 
-140 
-141 
-144 
-146 
-147 
-147 
-150 
-149 
-152 
-152 
-153 
-152 
-153 
-155 
-156 
-155 
-158 
-158 
-159 
-159 
-158 
-162 
-164 
-164 
-167 
-165 
-168 
-170 
-173 
-174 
-177 
-179 
-182 
-183 
-185 
-188 
-191 
-195 
-198 
-198 
-203 
-206 
-206 
-213 
-212 
-215 
-216 
-218 
-219 
-221 
-221 
-221 
-222 
-224 
-222 
-219 
-221 
-216 
-216 
-213 
-216 
-209 
-206 
-207 
-203 
-200 
-197 
-194 
-191 
-186 
-182 
-180 
-171 
-168 
-167 
-159 
-156 
-152 
-147 
-143 
-138 
-137 
-129 
-126 
-122 
-119 
-113 
-110 
-104 
-96 
-95 
-87 
-83 
-78 
-71 
-69 
-62 
-57 
-47 
-44 
-42 
-33 
-30 
-26 
-20 
-17 
-12 
-11 
-3 
-5 
-2 
2 
5 
5 
8 
6 
8 
9 
8 
12 
8 
9 
8 
3 
6 
2 
2 
2 
-5 
-5 
-8 
-6 
-12 
-15 
-18 
-18 
-21 
-23 
-26 
-29 
-29 
-33 
-35 
-36 
-39 
-39 
-42 
-44 
-42 
-45 
-47 
-44 
-45 
-47 
-44 
-45 
-45 
-44 
-45 
-45 
-44 
-47 
-44 
-41 
-44 
-42 
-42 
-39 
-41 
-38 
-33 
-33 
-29 
-26 
-29 
-24 
-18 
-18 
-15 
-11 
-8 
-3 
3 
8 
11 
15 
23 
26 
30 
36 
42 
48 
54 
59 
65 
74 
77 
83 
87 
98 
101 
107 
113 
116 
123 
126 
134 
135 
138 
144 
152 
153 
155 
161 
164 
164 
168 
170 
173 
177 
176 
180 
182 
185 
186 
185 
192 
192 
194 
195 
198 
197 
204 
210 
210 
218 
219 
224 
227 
230 
237 
242 
245 
246 
252 
254 
260 
260 
263 
267 
266 
269 
269 
269 
269 
267 
267 
264 
267 
269 
267 
267 
267 
264 
264 
260 
261 
263 
261 
261 
260 
258 
260 
255 
257 
258 
255 
251 
255 
252 
251 
252 
248 
246 
240 
239 
233 
233 
224 
216 
210 
206 
198 
188 
177 
171 
165 
153 
146 
134 
125 
119 
104 
95 
86 
75 
63 
51 
44 
32 
24 
12 
3 
-6 
-12 
-24 
-30 
-39 
-50 
-53 
-63 
-65 
-72 
-78 
-86 
-89 
-95 
-102 
-105 
-113 
-116 
-122 
-123 
-125 
-131 
-134 
-137 
-144 
-146 
-149 
-155 
-153 
-158 
-162 
-164 
-167 
-168 
-168 
-171 
-179 
-176 
-179 
-179 
-182 
-182 
-183 
-183 
-182 
-183 
-182 
-183 
-180 
-179 
-179 
-177 
-176 
-174 
-170 
-174 
-171 
-168 
-168 
-167 
-165 
-162 
-159 
-158 
-156 
-152 
-150 
-147 
-146 
-144 
-141 
-138 
-137 
-135 
-132 
-131 
-131 
-128 
-126 
-125 
-122 
-119 
-120 
-120 
-117 
-117 
-114 
-116 
-108 
-114 
-107 
-110 
-111 
-108 
-111 
-108 
-110 
-108 
-110 
-107 
-110 
-111 
-110 
-111 
-113 
-114 
-116 
-116 
-119 
-123 
-122 
-126 
-128 
-131 
-132 
-135 
-137 
-140 
-147 
-146 
-152 
-152 
-156 
-158 
-159 
-164 
-162 
-168 
-168 
-168 
-174 
-174 
-176 
-177 
-179 
-176 
-179 
-182 
-182 
-182 
-182 
-180 
-179 
-180 
-177 
-179 
-177 
-174 
-173 
-170 
-171 
-170 
-165 
-164 
-165 
-161 
-162 
-158 
-158 
-158 
-155 
-152 
-150 
-150 
-146 
-149 
-144 
-140 
-138 
-140 
-132 
-134 
-129 
-126 
-123 
-117 
-117 
-111 
-110 
-105 
-99 
-93 
-89 
-84 
-78 
-69 
-65 
-57 
-51 
-42 
-36 
-29 
-21 
-15 
-6 
-2 
6 
12 
21 
24 
33 
39 
42 
50 
53 
59 
62 
66 
72 
75 
81 
84 
89 
95 
99 
104 
107 
113 
114 
122 
128 
131 
140 
141 
144 
152 
158 
162 
168 
173 
183 
183 
186 
192 
195 
197 
201 
204 
207 
209 
210 
213 
216 
218 
216 
221 
222 
222 
225 
225 
222 
225 
227 
221 
222 
219 
215 
213 
213 
207 
204 
198 
192 
191 
186 
180 
173 
170 
165 
158 
153 
149 
147 
138 
135 
132 
123 
125 
120 
113 
113 
108 
105 
102 
96 
95 
93 
92 
89 
84 
81 
81 
74 
72 
69 
69 
65 
63 
60 
59 
54 
53 
51 
51 
48 
48 
48 
48 
47 
44 
45 
45 
42 
42 
45 
45 
45 
45 
44 
48 
42 
42 
48 
42 
45 
42 
45 
44 
42 
45 
41 
44 
42 
42 
42 
44 
44 
39 
42 
39 
39 
41 
39 
39 
39 
41 
36 
39 
41 
38 
39 
38 
36 
38 
35 
35 
35 
29 
29 
27 
21 
24 
18 
18 
18 
15 
14 
12 
14 
8 
9 
6 
3 
6 
0 
2 
0 
0 
-3 
-2 
-2 
-6 
-5 
-6 
-6 
-9 
-6 
-11 
-12 
-9 
-12 
-12 
-9 
-14 
-15 
-17 
-18 
-21 
-23 
-24 
-29 
-29 
-32 
-32 
-33 
-38 
-38 
-42 
-44 
-48 
-50 
-50 
-54 
-59 
-62 
-65 
-68 
-71 
-74 
-83 
-83 
-89 
-87 
-95 
-96 
-99 
-102 
-107 
-111 
-113 
-116 
-117 
-122 
-122 
-125 
-129 
-129 
-132 
-134 
-137 
-140 
-140 
-141 
-143 
-143 
-146 
-150 
-152 
-152 
-155 
-158 
-158 
-159 
-161 
-161 
-165 
-164 
-170 
-168 
-171 
-168 
-171 
-174 
-174 
-177 
-176 
-174 
-179 
-179 
-180 
-180 
-180 
-182 
-180 
-183 
-185 
-185 
-182 
-183 
-185 
-186 
-185 
-185 
-188 
-188 
-183 
-182 
-182 
-177 
-182 
-179 
-174 
-174 
-171 
-168 
-167 
-162 
-162 
-156 
-152 
-149 
-146 
-144 
-132 
-134 
-129 
-120 
-117 
-110 
-107 
-102 
-95 
-87 
-84 
-80 
-74 
-71 
-63 
-59 
-54 
-47 
-47 
-39 
-35 
-27 
-23 
-18 
-14 
-12 
-5 
0 
3 
11 
17 
18 
24 
27 
32 
36 
38 
44 
48 
50 
56 
54 
60 
62 
63 
65 
68 
65 
68 
72 
68 
71 
72 
71 
72 
72 
75 
75 
80 
80 
81 
84 
87 
90 
90 
95 
99 
99 
104 
105 
111 
111 
116 
117 
120 
126 
126 
128 
135 
137 
140 
146 
146 
147 
149 
155 
156 
159 
158 
164 
164 
167 
168 
171 
171 
173 
177 
177 
176 
179 
180 
180 
179 
185 
183 
183 
186 
183 
182 
182 
180 
182 
180 
183 
179 
177 
176 
171 
173 
173 
170 
170 
170 
165 
167 
165 
165 
161 
164 
159 
158 
161 
158 
158 
158 
155 
158 
156 
155 
155 
152 
153 
150 
149 
149 
146 
143 
143 
143 
140 
134 
135 
131 
131 
125 
123 
120 
122 
114 
110 
110 
108 
102 
98 
95 
92 
87 
84 
80 
74 
69 
66 
62 
60 
53 
48 
45 
39 
36 
30 
29 
21 
18 
12 
8 
6 
-3 
-5 
-9 
-9 
-14 
-17 
-20 
-23 
-26 
-27 
-27 
-29 
-27 
-32 
-30 
-33 
-32 
-33 
-32 
-35 
-35 
-38 
-36 
-38 
-41 
-41 
-41 
-42 
-44 
-47 
-44 
-50 
-47 
-48 
-50 
-53 
-51 
-56 
-59 
-54 
-59 
-56 
-57 
-56 
-57 
-53 
-53 
-51 
-48 
-48 
-41 
-41 
-35 
-32 
-35 
-29 
-26 
-23 
-20 
-20 
-18 
-17 
-15 
-14 
-14 
-15 
-15 
-15 
-15 
-15 
-18 
-17 
-20 
-24 
-23 
-26 
-26 
-30 
-30 
-35 
-35 
-39 
-42 
-42 
-48 
-51 
-57 
-59 
-65 
-69 
-71 
-81 
-84 
-90 
-95 
-99 
-107 
-110 
-114 
-120 
-125 
-128 
-134 
-138 
-141 
-146 
-150 
-149 
-156 
-161 
-158 
-161 
-162 
-167 
-170 
-168 
-173 
-174 
-177 
-176 
-177 
-180 
-179 
-180 
-180 
-180 
-180 
-183 
-182 
-182 
-182 
-179 
-182 
-182 
-183 
-182 
-182 
-180 
-180 
-180 
-180 
-179 
-177 
-180 
-176 
-179 
-174 
-174 
-176 
-171 
-173 
-165 
-167 
-164 
-162 
-159 
-159 
-159 
-155 
-152 
-152 
-147 
-141 
-143 
-138 
-137 
-134 
-129 
-128 
-123 
-120 
-117 
-114 
-116 
-110 
-104 
-104 
-95 
-92 
-90 
-83 
-81 
-71 
-69 
-65 
-59 
-53 
-45 
-42 
-33 
-30 
-24 
-18 
-12 
-5 
3 
8 
9 
17 
20 
26 
32 
36 
41 
45 
50 
54 
59 
60 
66 
69 
72 
74 
77 
80 
80 
83 
83 
86 
87 
86 
86 
87 
89 
87 
87 
83 
86 
83 
83 
80 
78 
75 
75 
74 
72 
71 
71 
68 
68 
66 
66 
63 
63 
65 
63 
65 
68 
66 
69 
68 
69 
72 
74 
74 
80 
80 
81 
83 
89 
90 
93 
99 
96 
102 
102 
108 
113 
114 
117 
123 
122 
126 
128 
132 
134 
135 
141 
143 
143 
144 
150 
152 
153 
156 
156 
159 
159 
162 
165 
167 
171 
170 
171 
177 
176 
177 
176 
177 
180 
180 
179 
183 
179 
177 
180 
179 
179 
176 
173 
173 
171 
170 
168 
162 
161 
158 
152 
153 
140 
140 
135 
129 
125 
122 
113 
110 
104 
98 
93 
84 
81 
74 
71 
68 
62 
59 
51 
45 
47 
39 
41 
33 
29 
27 
23 
17 
14 
14 
8 
5 
2 
2 
0 
-5 
-6 
-9 
-12 
-14 
-14 
-18 
-18 
-26 
-24 
-30 
-30 
-33 
-35 
-39 
-41 
-42 
-48 
-45 
-50 
-50 
-53 
-53 
-54 
-54 
-56 
-60 
-59 
-57 
-60 
-62 
-62 
-60 
-63 
-63 
-66 
-65 
-68 
-68 
-68 
-72 
-69 
-72 
-72 
-74 
-74 
-75 
-77 
-77 
-80 
-83 
-80 
-81 
-83 
-84 
-84 
-84 
-84 
-84 
-87 
-84 
-87 
-84 
-87 
-84 
-83 
-84 
-84 
-83 
-81 
-81 
-81 
-80 
-80 
-78 
-77 
-80 
-78 
-77 
-78 
-75 
-72 
-74 
-74 
-71 
-69 
-68 
-66 
-65 
-65 
-63 
-62 
-62 
-59 
-62 
-59 
-59 
-59 
-59 
-63 
-59 
-63 
-62 
-63 
-65 
-66 
-66 
-66 
-69 
-71 
-71 
-74 
-72 
-71 
-74 
-75 
-75 
-74 
-75 
-77 
-75 
-77 
-77 
-80 
-75 
-77 
-75 
-78 
-80 
-77 
-78 
-75 
-81 
-77 
-78 
-77 
-77 
-77 
-77 
-77 
-71 
-71 
-72 
-69 
-69 
-69 
-63 
-66 
-63 
-62 
-60 
-59 
-57 
-57 
-60 
-57 
-56 
-57 
-57 
-56 
-57 
-57 
-57 
-53 
-56 
-59 
-57 
-57 
-59 
-57 
-62 
-60 
-60 
-60 
-62 
-63 
-62 
-65 
-63 
-63 
-66 
-65 
-63 
-63 
-63 
-66 
-63 
-63 
-65 
-62 
-60 
-60 
-57 
-59 
-56 
-54 
-54 
-50 
-54 
-53 
-48 
-48 
-45 
-47 
-42 
-39 
-39 
-38 
-38 
-32 
-33 
-27 
-29 
-26 
-23 
-20 
-18 
-17 
-11 
-9 
-6 
-5 
2 
5 
11 
15 
17 
24 
27 
33 
35 
42 
47 
47 
53 
56 
62 
66 
65 
69 
74 
74 
75 
78 
80 
81 
84 
83 
84 
86 
86 
87 
86 
90 
84 
89 
86 
89 
86 
89 
86 
84 
84 
84 
86 
81 
86 
84 
84 
83 
83 
86 
84 
84 
81 
86 
84 
83 
89 
89 
84 
87 
89 
89 
90 
89 
90 
92 
89 
92 
95 
93 
96 
96 
98 
99 
96 
98 
102 
101 
105 
105 
108 
108 
107 
108 
110 
113 
111 
114 
114 
117 
119 
120 
123 
128 
129 
129 
134 
131 
138 
140 
138 
141 
141 
149 
147 
150 
146 
149 
147 
147 
149 
149 
149 
146 
146 
143 
143 
141 
137 
141 
132 
135 
131 
129 
128 
123 
126 
120 
116 
116 
116 
113 
110 
108 
110 
104 
104 
96 
95 
93 
90 
89 
83 
83 
78 
74 
68 
68 
63 
59 
57 
47 
44 
38 
33 
29 
24 
20 
14 
8 
5 
0 
-5 
-8 
-15 
-15 
-21 
-23 
-29 
-32 
-36 
-42 
-42 
-47 
-51 
-50 
-57 
-59 
-62 
-66 
-65 
-71 
-71 
-72 
-74 
-75 
-78 
-80 
-80 
-78 
-83 
-83 
-81 
-83 
-86 
-84 
-86 
-89 
-86 
-90 
-89 
-90 
-92 
-93 
-95 
-95 
-99 
-98 
-101 
-101 
-101 
-102 
-104 
-105 
-102 
-105 
-105 
-107 
-105 
-108 
-108 
-107 
-110 
-111 
-111 
-111 
-113 
-116 
-113 
-113 
-114 
-119 
-119 
-119 
-119 
-120 
-119 
-119 
-122 
-122 
-123 
-119 
-123 
-122 
-119 
-122 
-120 
-120 
-117 
-117 
-114 
-116 
-117 
-114 
-113 
-111 
-111 
-110 
-105 
-105 
-101 
-98 
-98 
-93 
-93 
-90 
-89 
-89 
-84 
-87 
-83 
-81 
-80 
-81 
-78 
-77 
-75 
-71 
-71 
-71 
-68 
-63 
-63 
-62 
-59 
-56 
-57 
-53 
-53 
-47 
-50 
-44 
-44 
-39 
-39 
-38 
-38 
-35 
-32 
-35 
-32 
-32 
-33 
-32 
-32 
-30 
-29 
-30 
-29 
-30 
-32 
-36 
-35 
-35 
-38 
-38 
-42 
-42 
-47 
-47 
-45 
-51 
-51 
-53 
-56 
-54 
-56 
-56 
-57 
-53 
-53 
-54 
-56 
-54 
-53 
-54 
-50 
-53 
-50 
-48 
-50 
-48 
-47 
-45 
-45 
-41 
-42 
-41 
-36 
-38 
-36 
-33 
-32 
-27 
-29 
-27 
-24 
-21 
-18 
-14 
-11 
-9 
-3 
-3 
0 
9 
9 
17 
14 
23 
24 
30 
33 
36 
41 
44 
50 
53 
56 
62 
65 
69 
72 
74 
78 
83 
87 
87 
90 
95 
98 
99 
102 
102 
107 
111 
111 
113 
113 
116 
116 
117 
114 
116 
114 
113 
113 
110 
111 
108 
110 
108 
108 
104 
105 
101 
104 
98 
96 
95 
93 
89 
90 
84 
84 
84 
78 
80 
75 
75 
72 
72 
68 
71 
71 
66 
69 
66 
69 
69 
69 
71 
68 
71 
69 
71 
72 
71 
75 
72 
72 
74 
77 
74 
75 
72 
74 
71 
74 
74 
71 
71 
68 
72 
68 
66 
68 
65 
66 
65 
62 
62 
60 
59 
57 
57 
54 
54 
54 
53 
54 
50 
48 
45 
45 
47 
42 
42 
41 
38 
41 
35 
38 
35 
32 
33 
32 
26 
29 
26 
21 
24 
18 
18 
17 
17 
11 
11 
8 
3 
5 
-2 
-5 
-8 
-6 
-14 
-17 
-17 
-17 
-21 
-23 
-26 
-26 
-29 
-30 
-29 
-33 
-36 
-30 
-38 
-38 
-39 
-41 
-39 
-39 
-39 
-41 
-44 
-39 
-41 
-42 
-39 
-42 
-39 
-42 
-38 
-42 
-38 
-39 
-38 
-38 
-39 
-38 
-38 
-39 
-36 
-36 
-39 
-36 
-38 
-35 
-36 
-38 
-38 
-36 
-38 
-38 
-41 
-38 
-41 
-41 
-42 
-44 
-44 
-45 
-42 
-44 
-44 
-44 
-45 
-42 
-50 
-47 
-45 
-51 
-48 
-48 
-50 
-50 
-48 
-51 
-51 
-53 
-51 
-48 
-53 
-57 
-53 
-57 
-54 
-54 
-60 
-56 
-62 
-57 
-65 
-59 
-62 
-63 
-63 
-65 
-62 
-66 
-65 
-66 
-66 
-65 
-66 
-66 
-65 
-68 
-68 
-71 
-68 
-68 
-66 
-68 
-66 
-68 
-68 
-68 
-66 
-66 
-65 
-65 
-60 
-63 
-60 
-57 
-57 
-56 
-56 
-53 
-53 
-47 
-51 
-47 
-47 
-42 
-44 
-45 
-39 
-44 
-39 
-42 
-41 
-41 
-41 
-38 
-41 
-41 
-44 
-41 
-39 
-44 
-39 
-41 
-39 
-39 
-33 
-33 
-32 
-30 
-30 
-26 
-27 
-23 
-23 
-21 
-20 
-17 
-14 
-15 
-17 
-12 
-12 
-9 
-11 
-8 
-6 
-11 
-5 
-9 
-2 
-6 
-5 
-5 
-3 
-5 
-5 
-6 
-5 
-3 
-6 
-5 
-6 
-6 
-8 
-8 
-8 
-8 
-11 
-14 
-9 
-12 
-12 
-12 
-11 
-14 
-12 
-14 
-15 
-12 
-15 
-15 
-15 
-15 
-14 
-14 
-14 
-11 
-11 
-14 
-8 
-11 
-9 
-6 
-5 
-6 
-3 
0 
2 
2 
2 
6 
9 
8 
11 
12 
14 
14 
14 
20 
20 
23 
24 
26 
26 
26 
30 
30 
36 
33 
36 
39 
39 
42 
42 
45 
45 
47 
48 
51 
54 
56 
57 
59 
60 
65 
65 
65 
69 
69 
77 
74 
77 
80 
83 
86 
86 
89 
93 
95 
99 
99 
105 
107 
107 
111 
110 
117 
116 
120 
125 
125 
126 
129 
131 
129 
137 
137 
137 
140 
143 
144 
147 
149 
149 
150 
153 
152 
156 
158 
159 
158 
156 
159 
158 
161 
159 
161 
158 
158 
158 
158 
156 
153 
156 
152 
149 
147 
146 
143 
138 
137 
131 
131 
125 
123 
119 
113 
113 
105 
105 
102 
101 
96 
93 
90 
84 
84 
78 
75 
72 
69 
63 
57 
56 
48 
45 
39 
32 
29 
20 
18 
8 
2 
-3 
-9 
-15 
-26 
-29 
-38 
-41 
-48 
-57 
-60 
-63 
-71 
-72 
-77 
-84 
-87 
-92 
-95 
-99 
-105 
-110 
-110 
-116 
-117 
-125 
-126 
-131 
-132 
-135 
-135 
-141 
-143 
-146 
-144 
-147 
-147 
-147 
-153 
-149 
-152 
-150 
-153 
-152 
-153 
-152 
-152 
-149 
-146 
-147 
-147 
-146 
-141 
-140 
-137 
-137 
-134 
-134 
-129 
-128 
-123 
-123 
-120 
-114 
-114 
-108 
-110 
-105 
-99 
-101 
-96 
-93 
-90 
-89 
-86 
-81 
-83 
-78 
-77 
-72 
-72 
-72 
-71 
-71 
-68 
-68 
-66 
-65 
-65 
-60 
-62 
-63 
-57 
-57 
-56 
-54 
-56 
-54 
-54 
-51 
-51 
-50 
-50 
-50 
-50 
-50 
-47 
-48 
-47 
-48 
-45 
-47 
-48 
-45 
-50 
-50 
-48 
-48 
-51 
-48 
-50 
-48 
-50 
-50 
-48 
-48 
-47 
-51 
-47 
-51 
-48 
-45 
-48 
-44 
-48 
-47 
-47 
-44 
-47 
-44 
-47 
-47 
-48 
-48 
-45 
-50 
-50 
-51 
-50 
-50 
-51 
-51 
-51 
-51 
-51 
-54 
-53 
-51 
-53 
-51 
-51 
-53 
-51 
-54 
-50 
-50 
-51 
-50 
-48 
-50 
-45 
-45 
-47 
-44 
-42 
-39 
-39 
-38 
-36 
-33 
-29 
-27 
-24 
-24 
-20 
-18 
-14 
-12 
-9 
-3 
-3 
3 
5 
8 
11 
14 
20 
17 
20 
21 
23 
24 
24 
26 
24 
29 
26 
27 
27 
26 
30 
26 
27 
27 
26 
29 
27 
27 
27 
29 
27 
30 
33 
30 
35 
32 
35 
36 
39 
38 
42 
42 
42 
47 
48 
48 
48 
56 
56 
57 
57 
60 
65 
65 
71 
72 
75 
78 
81 
86 
86 
90 
93 
96 
99 
104 
102 
107 
111 
110 
116 
113 
117 
119 
122 
125 
125 
128 
123 
129 
128 
129 
129 
131 
134 
129 
131 
128 
129 
129 
126 
126 
125 
122 
122 
119 
116 
117 
111 
111 
108 
104 
105 
99 
98 
95 
92 
90 
84 
83 
78 
77 
75 
69 
69 
66 
60 
60 
56 
53 
51 
47 
47 
44 
41 
39 
36 
33 
33 
29 
27 
26 
21 
21 
17 
14 
12 
12 
9 
9 
8 
6 
8 
2 
2 
0 
0 
-3 
-3 
-3 
-8 
-8 
-9 
-9 
-6 
-11 
-9 
-12 
-11 
-14 
-9 
-14 
-11 
-15 
-14 
-15 
-15 
-15 
-17 
-18 
-20 
-17 
-20 
-18 
-20 
-20 
-21 
-21 
-21 
-24 
-23 
-23 
-26 
-23 
-24 
-27 
-27 
-29 
-27 
-33 
-33 
-33 
-36 
-39 
-42 
-42 
-44 
-48 
-51 
-56 
-53 
-59 
-62 
-62 
-68 
-68 
-69 
-71 
-72 
-75 
-78 
-80 
-81 
-78 
-83 
-84 
-84 
-83 
-86 
-86 
-84 
-81 
-81 
-83 
-83 
-81 
-81 
-83 
-83 
-81 
-84 
-80 
-80 
-81 
-81 
-81 
-81 
-80 
-83 
-78 
-80 
-81 
-78 
-80 
-77 
-81 
-80 
-80 
-80 
-77 
-78 
-81 
-75 
-77 
-78 
-77 
-77 
-72 
-75 
-72 
-71 
-71 
-66 
-68 
-66 
-65 
-63 
-62 
-59 
-59 
-59 
-57 
-53 
-53 
-54 
-48 
-53 
-51 
-50 
-47 
-47 
-45 
-44 
-45 
-44 
-42 
-39 
-41 
-41 
-41 
-39 
-36 
-38 
-39 
-35 
-36 
-38 
-36 
-35 
-36 
-33 
-33 
-33 
-33 
-35 
-30 
-33 
-32 
-30 
-32 
-30 
-27 
-29 
-27 
-30 
-26 
-27 
-27 
-24 
-27 
-24 
-23 
-23 
-21 
-21 
-17 
-18 
-18 
-15 
-18 
-14 
-17 
-11 
-14 
-14 
-8 
-12 
-11 
-6 
-6 
-6 
-5 
-5 
-2 
-3 
-3 
-2 
2 
3 
3 
5 
6 
8 
9 
11 
15 
14 
20 
18 
21 
24 
23 
26 
30 
32 
32 
35 
38 
42 
41 
42 
47 
50 
48 
51 
56 
54 
57 
59 
59 
60 
63 
65 
65 
65 
65 
68 
68 
69 
69 
69 
71 
69 
74 
72 
74 
74 
74 
71 
72 
72 
74 
72 
72 
71 
71 
74 
71 
71 
68 
69 
69 
65 
68 
68 
65 
69 
65 
66 
66 
66 
69 
68 
66 
68 
68 
69 
69 
68 
71 
72 
69 
74 
72 
71 
71 
75 
72 
75 
77 
75 
77 
75 
74 
78 
78 
80 
80 
81 
78 
83 
83 
83 
81 
84 
84 
84 
86 
89 
86 
86 
90 
87 
90 
89 
86 
86 
86 
84 
86 
83 
83 
83 
78 
77 
78 
75 
72 
74 
71 
71 
68 
66 
65 
63 
59 
57 
57 
56 
51 
51 
48 
45 
42 
47 
39 
39 
35 
35 
35 
30 
29 
27 
26 
23 
23 
20 
20 
17 
15 
14 
15 
11 
12 
12 
9 
6 
5 
6 
2 
3 
2 
2 
-2 
2 
-2 
-2 
0 
0 
0 
0 
-2 
0 
0 
-2 
-2 
-2 
0 
-2 
-3 
-5 
-8 
-5 
-11 
-11 
-15 
-17 
-15 
-23 
-23 
-26 
-30 
-33 
-36 
-39 
-44 
-44 
-45 
-51 
-51 
-53 
-56 
-57 
-59 
-60 
-60 
-62 
-65 
-68 
-69 
-72 
-74 
-72 
-75 
-74 
-77 
-81 
-80 
-81 
-87 
-87 
-89 
-93 
-92 
-93 
-93 
-98 
-98 
-96 
-101 
-101 
-102 
-104 
-104 
-107 
-102 
-108 
-105 
-107 
-104 
-104 
-105 
-102 
-101 
-99 
-102 
-96 
-96 
-98 
-92 
-93 
-92 
-87 
-89 
-86 
-84 
-80 
-80 
-78 
-78 
-77 
-74 
-75 
-71 
-71 
-69 
-66 
-65 
-62 
-62 
-56 
-56 
-54 
-56 
-51 
-51 
-48 
-47 
-44 
-45 
-47 
-41 
-41 
-44 
-39 
-39 
-38 
-39 
-39 
-36 
-38 
-38 
-38 
-39 
-38 
-38 
-39 
-33 
-36 
-36 
-35 
-33 
-32 
-29 
-29 
-32 
-23 
-27 
-21 
-23 
-20 
-17 
-18 
-15 
-15 
-11 
-15 
-8 
-9 
-9 
-5 
-8 
-3 
-5 
-6 
-2 
0 
-2 
0 
0 
0 
5 
5 
5 
8 
6 
11 
12 
15 
15 
17 
20 
23 
26 
23 
30 
30 
32 
33 
35 
38 
39 
41 
39 
44 
44 
48 
45 
50 
48 
51 
53 
48 
50 
54 
51 
48 
51 
50 
48 
47 
42 
44 
41 
41 
36 
35 
32 
32 
27 
27 
24 
26 
21 
17 
20 
15 
9 
14 
14 
8 
9 
8 
8 
5 
3 
3 
5 
0 
3 
3 
3 
5 
2 
5 
5 
5 
6 
6 
6 
8 
6 
12 
11 
15 
12 
15 
15 
17 
18 
17 
21 
20 
21 
18 
18 
21 
17 
21 
15 
15 
18 
18 
17 
14 
14 
17 
14 
17 
14 
17 
14 
15 
17 
15 
18 
17 
18 
18 
18 
21 
17 
21 
21 
23 
26 
24 
24 
29 
29 
30 
32 
33 
35 
36 
36 
38 
42 
36 
42 
42 
44 
45 
44 
41 
45 
45 
44 
45 
45 
47 
42 
45 
45 
42 
41 
42 
39 
39 
39 
38 
35 
35 
35 
36 
32 
33 
27 
27 
24 
24 
21 
20 
20 
15 
17 
17 
17 
11 
14 
9 
6 
5 
3 
2 
-2 
-2 
-5 
-5 
-11 
-11 
-11 
-12 
-14 
-18 
-17 
-20 
-21 
-20 
-23 
-24 
-23 
-23 
-24 
-26 
-26 
-24 
-30 
-26 
-29 
-27 
-32 
-29 
-30 
-29 
-27 
-32 
-30 
-32 
-32 
-30 
-30 
-32 
-32 
-32 
-33 
-33 
-35 
-33 
-33 
-35 
-38 
-35 
-36 
-33 
-33 
-39 
-38 
-38 
-36 
-38 
-38 
-39 
-39 
-39 
-41 
-38 
-39 
-41 
-38 
-41 
-41 
-39 
-41 
-42 
-42 
-42 
-39 
-44 
-42 
-42 
-41 
-41 
-42 
-45 
-44 
-44 
-45 
-44 
-44 
-47 
-45 
-44 
-48 
-45 
-47 
-47 
-50 
-47 
-50 
-50 
-50 
-50 
-50 
-50 
-50 
-48 
-50 
-51 
-48 
-48 
-45 
-45 
-48 
-44 
-39 
-41 
-42 
-38 
-38 
-38 
-35 
-38 
-32 
-33 
-32 
-30 
-29 
-29 
-29 
-26 
-29 
-24 
-24 
-21 
-20 
-23 
-21 
-18 
-17 
-15 
-15 
-12 
-11 
-12 
-11 
-12 
-9 
-8 
-6 
-8 
-5 
-2 
-8 
0 
-5 
-2 
-2 
2 
2 
2 
5 
5 
8 
3 
9 
6 
9 
9 
8 
11 
9 
8 
14 
9 
12 
11 
11 
11 
9 
12 
9 
9 
14 
11 
11 
11 
12 
11 
14 
12 
14 
12 
12 
11 
9 
14 
12 
11 
12 
9 
11 
11 
11 
8 
11 
9 
9 
8 
12 
9 
8 
9 
9 
9 
5 
12 
14 
11 
14 
12 
14 
17 
15 
21 
20 
21 
23 
24 
27 
27 
29 
32 
38 
36 
38 
42 
45 
50 
50 
53 
51 
59 
59 
62 
65 
63 
69 
72 
75 
75 
77 
80 
83 
83 
86 
86 
92 
90 
87 
93 
89 
92 
87 
92 
89 
92 
87 
83 
87 
81 
81 
78 
80 
72 
72 
68 
68 
65 
62 
57 
54 
53 
50 
47 
44 
44 
35 
36 
29 
29 
26 
26 
20 
17 
15 
12 
11 
9 
5 
3 
3 
-2 
-2 
-3 
-5 
-6 
-5 
-9 
-9 
-12 
-9 
-12 
-12 
-11 
-12 
-14 
-12 
-14 
-14 
-11 
-12 
-9 
-12 
-9 
-14 
-11 
-8 
-14 
-11 
-14 
-9 
-9 
-12 
-9 
-11 
-9 
-8 
-9 
-11 
-11 
-12 
-9 
-8 
-6 
-8 
-5 
-5 
-3 
-2 
-3 
0 
0 
3 
3 
5 
6 
6 
6 
3 
5 
5 
5 
3 
6 
-2 
3 
-2 
0 
-3 
-6 
-5 
-11 
-9 
-14 
-14 
-14 
-18 
-20 
-24 
-24 
-27 
-29 
-32 
-35 
-35 
-38 
-38 
-42 
-44 
-44 
-47 
-47 
-50 
-53 
-54 
-54 
-54 
-57 
-56 
-57 
-62 
-59 
-62 
-62 
-60 
-62 
-60 
-60 
-60 
-59 
-60 
-60 
-59 
-59 
-56 
-56 
-54 
-59 
-56 
-53 
-54 
-53 
-53 
-53 
-50 
-53 
-53 
-45 
-51 
-51 
-50 
-50 
-50 
-50 
-50 
-50 
-51 
-48 
-50 
-48 
-49 
-50 
-49 
-47 
-49 
-49 
-46 
-46 
-49 
-46 
-46 
-46 
-46 
-46 
-41 
-46 
-44 
-44 
-41 
-41 
-43 
-37 
-41 
-38 
-37 
-37 
-37 
-32 
-34 
-32 
-31 
-29 
-28 
-28 
-25 
-26 
-25 
-22 
-19 
-19 
-19 
-22 
-17 
-19 
-17 
-16 
-16 
-16 
-16 
-14 
-13 
-13 
-16 
-13 
-13 
-14 
-14 
-14 
-14 
-13 
-14 
-13 
-14 
-11 
-14 
-13 
-16 
-10 
-13 
-16 
-13 
-13 
-13 
-13 
-13 
-10 
-11 
-11 
-4 
-8 
-4 
-5 
-4 
-2 
0 
-1 
0 
0 
5 
5 
8 
7 
11 
11 
10 
17 
11 
17 
17 
19 
17 
19 
19 
19 
21 
19 
21 
21 
21 
19 
21 
21 
25 
22 
24 
25 
24 
25 
25 
30 
25 
28 
28 
27 
28 
30 
31 
31 
32 
30 
33 
33 
35 
30 
33 
33 
33 
38 
30 
35 
32 
30 
33 
35 
32 
30 
30 
29 
33 
29 
30 
29 
29 
32 
29 
29 
30 
27 
29 
30 
26 
32 
26 
29 
32 
27 
30 
29 
30 
32 
33 
32 
32 
33 
34 
33 
33 
35 
35 
34 
38 
35 
37 
40 
41 
38 
42 
43 
43 
45 
45 
46 
45 
48 
49 
50 
53 
53 
53 
53 
54 
56 
56 
54 
56 
56 
54 
56 
56 
54 
58 
56 
55 
53 
51 
53 
53 
51 
51 
52 
53 
51 
48 
48 
47 
47 
47 
45 
44 
47 
45 
44 
45 
44 
47 
44 
44 
47 
45 
44 
42 
39 
38 
38 
36 
36 
31 
30 
26 
25 
22 
21 
18 
13 
13 
7 
5 
2 
-1 
-1 
-5 
-9 
-12 
-15 
-15 
-17 
-20 
-22 
-25 
-25 
-27 
-28 
-30 
-33 
-30 
-33 
-33 
-33 
-35 
-36 
-38 
-36 
-39 
-38 
-41 
-38 
-40 
-43 
-41 
-41 
-40 
-41 
-40 
-38 
-41 
-37 
-41 
-37 
-37 
-40 
-36 
-37 
-33 
-35 
-35 
-35 
-32 
-33 
-33 
-32 
-32 
-32 
-30 
-28 
-27 
-28 
-29 
-25 
-28 
-25 
-22 
-24 
-27 
-20 
-22 
-22 
-22 
-20 
-22 
-20 
-17 
-21 
-19 
-19 
-19 
-19 
-20 
-16 
-19 
-16 
-16 
-16 
-15 
-17 
-16 
-20 
-16 
-19 
-19 
-19 
-20 
-19 
-19 
-22 
-24 
-22 
-26 
-24 
-24 
-26 
-26 
-29 
-29 
-29 
-28 
-32 
-33 
-33 
-33 
-33 
-36 
-34 
-37 
-36 
-36 
-39 
-37 
-39 
-39 
-36 
-41 
-41 
-40 
-43 
-39 
-41 
-43 
-40 
-43 
-40 
-43 
-41 
-41 
-43 
-43 
-41 
-40 
-40 
-40 
-41 
-38 
-38 
-38 
-36 
-36 
-36 
-38 
-35 
-33 
-36 
-33 
-33 
-33 
-31 
-31 
-30 
-28 
-28 
-30 
-25 
-25 
-26 
-23 
-23 
-23 
-21 
-19 
-18 
-18 
-16 
-15 
-11 
-13 
-9 
-11 
-9 
-7 
-7 
-6 
-6 
-3 
-1 
0 
0 
2 
1 
4 
2 
4 
4 
6 
8 
8 
9 
9 
10 
13 
13 
13 
14 
15 
13 
16 
15 
14 
15 
16 
16 
18 
17 
17 
18 
18 
20 
20 
18 
22 
20 
22 
24 
23 
25 
25 
27 
25 
27 
27 
30 
30 
32 
32 
31 
34 
33 
33 
36 
38 
35 
39 
41 
40 
41 
41 
42 
43 
42 
43 
45 
47 
47 
47 
47 
50 
51 
52 
51 
53 
54 
53 
55 
54 
58 
58 
58 
60 
62 
63 
63 
64 
64 
66 
67 
64 
67 
65 
64 
66 
62 
62 
64 
60 
59 
57 
57 
57 
55 
50 
50 
50 
45 
45 
44 
41 
42 
39 
37 
35 
33 
33 
30 
27 
26 
24 
22 
22 
16 
16 
17 
13 
14 
10 
10 
8 
4 
3 
3 
2 
1 
-1 
-3 
-3 
-6 
-10 
-8 
-10 
-12 
-12 
-15 
-15 
-17 
-19 
-18 
-21 
-20 
-23 
-23 
-25 
-25 
-25 
-25 
-29 
-27 
-27 
-29 
-30 
-30 
-29 
-31 
-29 
-31 
-31 
-33 
-32 
-29 
-31 
-31 
-31 
-33 
-31 
-33 
-31 
-33 
-31 
-31 
-31 
-31 
-29 
-28 
-31 
-29 
-28 
-27 
-27 
-26 
-25 
-27 
-26 
-25 
-24 
-25 
-24 
-23 
-24 
-23 
-22 
-22 
-20 
-22 
-22 
-22 
-22 
-20 
-22 
-22 
-20 
-22 
-22 
-22 
-22 
-22 
-24 
-22 
-22 
-22 
-22 
-24 
-22 
-24 
-21 
-22 
-22 
-22 
-23 
-21 
-21 
-21 
-21 
-19 
-19 
-20 
-19 
-17 
-18 
-18 
-18 
-17 
-16 
-16 
-15 
-17 
-16 
-17 
-18 
-18 
-17 
-18 
-16 
-16 
-17 
-17 
-18 
-17 
-16 
-16 
-16 
-17 
-17 
-17 
-17 
-15 
-15 
-15 
-15 
-15 
-15 
-15 
-13 
-13 
-13 
-13 
-13 
-11 
-13 
-11 
-11 
-11 
-11 
-11 
-9 
-11 
-9 
-9 
-9 
-11 
-11 
-7 
-11 
-9 
-7 
-7 
-7 
-5 
-7 
-7 
-7 
-7 
-7 
-7 
-5 
-5 
-5 
-5 
-5 
-5 
-5 
-5 
-5 
-3 
-5 
-3 
-5 
-5 
-5 
-3 
-7 
-7 
-5 
-5 
-5 
-5 
-3 
-5 
-3 
-1 
-5 
-1 
-1 
-3 
0 
1 
-1 
1 
1 
1 
1 
1 
3 
1 
1 
3 
3 
1 
3 
3 
5 
3 
3 
1 
3 
3 
3 
3 
3 
3 
3 
4 
3 
3 
1 
4 
3 
3 
1 
1 
3 
3 
3 
1 
3 
1 
3 
1 
1 
3 
0 
1 
0 
1 
-1 
-1 
0 
-1 
-1 
-3 
-3 
-3 
-1 
-3 
-3 
-3 
-4 
-4 
-3 
-4 
-3 
-4 
-3 
-5 
-3 
-1 
-1 
-5 
-2 
-3 
-1 
-1 
-2 
0 
-1 
1 
1 
1 
1 
1 
2 
3 
3 
5 
6 
8 
7 
8 
10 
11 
13 
12 
14 
15 
15 
15 
17 
16 
18 
19 
18 
21 
19 
20 
22 
20 
20 
20 
22 
22 
20 
22 
22 
21 
22 
23 
20 
24 
22 
23 
25 
20 
21 
22 
20 
20 
20 
22 
21 
18 
20 
19 
18 
19 
17 
18 
18 
16 
18 
16 
14 
18 
18 
15 
15 
16 
17 
15 
16 
16 
16 
17 
15 
14 
17 
14 
16 
14 
15 
14 
13 
14 
12 
14 
11 
12 
11 
11 
11 
9 
9 
9 
9 
9 
9 
9 
9 
9 
9 
9 
9 
10 
9 
9 
9 
9 
9 
9 
11 
10 
11 
10 
11 
11 
12 
12 
14 
14 
14 
14 
16 
17 
17 
17 
17 
20 
19 
20 
22 
22 
23 
23 
24 
25 
26 
26 
28 
26 
28 
27 
28 
27 
27 
29 
26 
26 
25 
25 
23 
21 
23 
21 
18 
18 
15 
14 
12 
10 
10 
6 
4 
4 
1 
-1 
-4 
-4 
-6 
-8 
-10 
-11 
-13 
-14 
-16 
-17 
-19 
-22 
-22 
-24 
-25 
-26 
-27 
-30 
-30 
-31 
-31 
-33 
-33 
-31 
-34 
-34 
-37 
-36 
-37 
-37 
-37 
-39 
-37 
-39 
-40 
-38 
-39 
-37 
-39 
-38 
-38 
-38 
-38 
-38 
-36 
-37 
-37 
-36 
-36 
-36 
-36 
-35 
-34 
-33 
-33 
-32 
-32 
-33 
-30 
-31 
-31 
-30 
-30 
-30 
-28 
-29 
-28 
-27 
-27 
-27 
-27 
-26 
-26 
-27 
-25 
-25 
-25 
-25 
-25 
-26 
-25 
-26 
-25 
-25 
-25 
-24 
-23 
-23 
-23 
-23 
-22 
-22 
-21 
-20 
-19 
-19 
-18 
-17 
-16 
-15 
-15 
-13 
-14 
-12 
-11 
-12 
-9 
-7 
-6 
-7 
-5 
-5 
-4 
-2 
-3 
0 
0 
0 
2 
3 
2 
4 
5 
6 
7 
8 
9 
9 
9 
10 
10 
10 
12 
11 
13 
12 
13 
13 
13 
13 
13 
13 
13 
14 
13 
14 
12 
12 
14 
12 
12 
11 
11 
10 
10 
9 
10 
11 
10 
9 
9 
7 
9 
7 
7 
6 
6 
6 
6 
6 
6 
5 
5 
5 
4 
3 
4 
2 
4 
3 
3 
2 
3 
2 
3 
2 
3 
3 
3 
3 
3 
3 
3 
3 
3 
4 
3 
3 
3 
3 
4 
4 
5 
3 
3 
3 
4 
3 
3 
3 
2 
5 
2 
3 
3 
3 
3 
2 
3 
4 
4 
4 
4 
4 
7 
6 
6 
7 
7 
8 
8 
9 
9 
9 
8 
10 
9 
10 
9 
10 
10 
9 
10 
12 
11 
12 
10 
10 
11 
11 
11 
10 
11 
11 
11 
11 
10 
11 
11 
11 
10 
10 
10 
10 
10 
10 
10 
9 
10 
9 
9 
8 
8 
7 
7 
6 
6 
5 
5 
4 
5 
4 
3 
2 
2 
2 
0 
1 
-1 
0 
-1 
-1 
-1 
-2 
-2 
-3 
-3 
-3 
-3 
-3 
-4 
-4 
-4 
-5 
-5 
-5 
-5 
-6 
-5 
-6 
-6 
-7 
-6 
-6 
-7 
-5 
-7 
-7 
-7 
-7 
-6 
-7 
-6 
-7 
-7 
-7 
-6 
-6 
-6 
-6 
-6 
-6 
-6 
-7 
-6 
-8 
-6 
-6 
-8 
-7 
-7 
-8 
-8 
-8 
-8 
-9 
-9 
-8 
-9 
-8 
-8 
-8 
-9 
-8 
-8 
-8 
-7 
-8 
-6 
-7 
-7 
-7 
-7 
-6 
-8 
-7 
-7 
-7 
-7 
-7 
-5 
-8 
-7 
-7 
-6 
-7 
-7 
-6 
-8 
-7 
-7 
-7 
-8 
-8 
-8 
-7 
-7 
-7 
-7 
-6 
-6 
-6 
-5 
-7 
-6 
-6 
-6 
-6 
-6 
-4 
-6 
-6 
-4 
-4 
-4 
-4 
-5 
-3 
-4 
-4 
-3 
-3 
-2 
-3 
-1 
-2 
-1 
-1 
-1 
-1 
-1 
0 
-1 
0 
0 
0 
0 
-1 
0 
0 
0 
0 
0 
0 
-2 
0 
-1 
-1 
-2 
-2 
-2 
-1 
-3 
-3 
-2 
-2 
-2 
-2 
-3 
-3 
-3 
-3 
-2 
-3 
-2 
-3 
-2 
-4 
-3 
-3 
-3 
-2 
-3 
-3 
-3 
-3 
-3 
-3 
-3 
-4 
-3 
-4 
-4 
-3 
-3 
-3 
-3 
-3 
-3 
-2 
-2 
-2 
-3 
-1 
0 
-2 
-1 
0 
0 
0 
0 
0 
0 
0 
0 
1 
2 
2 
2 
3 
3 
3 
3 
4 
4 
3 
3 
4 
4 
4 
4 
4 
5 
4 
5 
5 
5 
5 
4 
6 
6 
6 
5 
6 
6 
6 
6 
5 
7 
6 
7 
7 
6 
7 
7 
7 
7 
8 
8 
8 
8 
8 
8 
9 
9 
9 
9 
9 
9 
8 
9 
9 
9 
9 
9 
9 
9 
9 
9 
9 
8 
8 
9 
9 
9 
8 
9 
8 
8 
8 
8 
8 
8 
8 
9 
8 
9 
9 
8 
9 
8 
9 
9 
9 
9 
8 
8 
9 
9 
8 
9 
9 
8 
8 
8 
9 
7 
8 
8 
7 
7 
7 
7 
7 
7 
6 
6 
6 
6 
5 
6 
5 
5 
5 
5 
4 
5 
4 
4 
4 
4 
5 
4 
4 
4 
4 
4 
4 
4 
4 
4 
5 
5 
5 
5 
5 
5 
4 
4 
5 
4 
4 
4 
4 
4 
3 
3 
3 
2 
3 
2 
3 
2 
2 
1 
1 
1 
1 
1 
0 
0 
0 
0 
0 
-1 
0 
-1 
-1 
-1 
-1 
-1 
-2 
-1 
-2 
-1 
-2 
-2 
-2 
-2 
-2 
-2 
-2 
-2 
-3 
-3 
-3 
-3 
-4 
-4 
-4 
-4 
-4 
-5 
-5 
-5 
-5 
-6 
-5 
-6 
-6 
-6 
-6 
-6 
-6 
-7 
-7 
-7 
-6 
-6 
-7 
-7 
-7 
-8 
-7 
-7 
-7 
-7 
-7 
-8 
-7 
-7 
-8 
-8 
-8 
-8 
-8 
-7 
-8 
-8 
-8 
-8 
-8 
-8 
-8 
-8 
-8 
-8 
-8 
-8 
-8 
-8 
-8 
-8 
-8 
-8 
-8 
-8 
-8 
-7 
-7 
-8 
-7 
-7 
-7 
-8 
-7 
-7 
-7 
-7 
-7 
-6 
-6 
-6 
-6 
-6 
-6 
-5 
-5 
-5 
-4 
-5 
-4 
-4 
-4 
-3 
-3 
-3 
-3 
-3 
-3 
-2 
-2 
-2 
-1 
-2 
-2 
-1 
0 
-1 
0 
0 
0 
0 
0 
0 
0 
0 
0 
0 
0 
0 
0 
0 
0 
0 
1 
0 
0 
0 
0 
0 
0 
0 
0 
0 
0 
0 
0 
0 
0 
0 
0 
0 
0 
0 
0 
0 
0 
0 
0 
0 
0 
0 
0 
0 
0 
0 
0 
0 
0 
0 
0 
0 
0 
0 
0 
0 
0 
0 
0 
0 
0 
0 
0 
0 
0 
1 
0 
1 
0 
1 
1 
1 
1 
1 
1 
1 
2 
2 
2 
2 
2 
2 
3 
2 
3 
3 
3 
3 
3 
3 
3 
3 
3 
3 
3 
3 
3 
3 
2 
3 
2 
2 
2 
2 
2 
1 
2 
2 
1 
1 
1 
1 
1 
1 
1 
1 
1 
1 
1 
1 
1 
1 
1 
1 
0 
1 
0 
1 
0 
0 
1 
0 
0 
0 
0 
0 
0 
0 
0 
1 
1 
0 
0 
1 
1 
1 
1 
0 
1 
1 
1 
1 
1 
1 
0 
1 
1 
1 
1 
1 
1 
1 
1 
1 
1 
1 
1 
1 
1 
1 
1 
1 
1 
1 
1 
1 
1 
1 
2 
1 
2 
1 
2 
2 
2 
2 
1 
2 
2 
2 
1 
2 
2 
2 
2 
1 
1 
1 
1 
1 
1 
1 
1 
1 
1 
1 
0 
1 
0 
0 
0 
0 
0 
0 
0 
0 
0 
0 
0 
0 
0 
0 
0 
0 
0 
0 
0 
0 
0 
0 
0 
0 
0 
0 
0 
0 
0 
0 
0 
0 
0 
0 
0 
0 
0 
0 
0 
0 
0 
0 
0 
0 
0 
0 
0 
0 
0 
0 
0 
0 
0 
0 
0 
0 
0 
0 
0 
0 
0 
0 
0 
0 
0 
0 
0 
0 
0 
0 
0 
0 
0 
0 
0 
0 
0 
0 
0 
0 
0 
0 
0 
0 
0 
0 
0 
0 
0 
0 
0 
0 
0 
0 
0 
0 
0 
0 
0 
